0.064980
0.055750
0.237102
0.004142
0.023385
0.251328
0.042285
0.067678
0.004136
0.055920
0.059960
1.554402
0.097226
0.078980
0.039014
0.011090
0.125192
0.096118
0.005605
0.006799
0.106018
0.062348
0.027180
0.035106
0.058621
0.098562
0.006401
0.884905
0.004172
0.033632
0.063763
0.004860
0.005987
0.113424
0.007241
0.033621
0.008303
0.002711
0.008555
0.025949
0.015911
0.045453
0.009241
0.019082
0.003714
0.016724
0.006645
0.773733
0.073472
1.268414
0.016071
0.010905
0.075887
0.079830
0.222158
0.042199
1.385454
0.069777
0.318757
0.201797
0.002680
1.535651
0.060953
0.014273
0.357592
0.033120
1.337932
0.261354
0.019135
0.089732
1.974140
0.019515
0.074130
0.929684
0.117972
0.041299
0.034296
1.697222
1.523718
1.026008
2.424324
0.011805
0.040266
0.078237
0.067771
0.027352
0.053773
0.408495
0.984618
0.101472
0.004489
0.558287
0.295329
0.163854
0.028130
0.016342
0.053618
0.005141
0.005366
0.039600
0.192176
0.024165
0.006482
0.004458
0.003444
0.003888
0.004172
0.004421
0.003949
0.003505
0.005969
0.071164
0.013927
0.042652
0.004496
0.170696
0.055685
0.038389
2.416316
0.042800
0.040706
0.004935
0.078848
1.330091
0.174740
1.283793
0.563679
0.062363
0.012044
0.045284
0.147864
0.005032
0.004588
0.053220
0.062756
0.291839
0.005121
0.025286
2.386036
0.101639
0.064736
1.117304
0.039260
0.141684
0.068288
0.003696
0.076978
0.028239
0.026220
0.004063
0.314594
0.005803
0.003938
0.006355
0.003723
0.004941
0.003283
0.009293
0.040538
0.008305
0.073022
0.999334
1.318404
0.088612
1.494740
0.010318
0.384557
0.112175
1.525498
0.006405
0.004654
0.003623
1.107424
0.006458
0.142714
0.075737
0.017773
0.022864
0.144049
0.094795
0.014542
0.035530
0.069978
0.003946
0.336713
0.076633
0.007169
0.009530
0.012536
0.197682
0.005850
1.358582
0.413465
0.112821
0.176281
1.293900
0.124351
0.178400
0.050188
1.508901
0.321930
1.271264
1.144540
1.223220
0.040764
0.188789
0.169224
0.140756
2.097511
0.071665
1.224356
0.009594
0.092727
0.178846
0.004249
0.007244
0.003938
0.008584
0.006282
0.011130
0.005928
0.372171
0.666769
1.445159
0.004379
0.042719
0.009711
0.594704
0.053858
0.132944
0.004270
0.006212
0.016096
0.005044
0.014135
0.011343
0.175332
0.038371
0.048987
2.248351
1.082574
0.018662
1.570423
0.483030
1.513011
0.890198
0.196505
1.472989
0.151563
0.055943
0.037313
1.271222
0.015719
0.088813
0.003536
0.109234
0.010821
0.007356
0.023316
0.015333
0.011530
0.004088
0.288088
0.021862
0.004650
0.005498
0.005000
0.004582
0.007655
0.003607
5.548646
0.062829
0.086925
0.078276
0.016127
0.005548
0.011222
0.056991
0.075551
0.004177
0.004606
0.007335
0.003770
0.010947
0.004273
0.020903
0.010575
0.011212
0.063906
0.006559
0.010689
0.003686
0.004136
0.005492
0.439605
0.006559
0.014658
0.004644
0.077235
0.046082
0.020318
0.004372
0.714185
0.088239
0.011874
0.188437
0.476002
0.053243
0.181937
0.092348
0.024456
0.004587
0.164264
0.007206
0.109799
0.011416
0.006416
0.005228
0.009960
0.002892
0.013822
0.004309
0.093093
0.003605
0.006577
0.012180
0.096042
0.103181
0.005727
0.005278
0.003204
0.011878
0.005350
0.005677
0.006987
0.044825
0.006498
0.006042
0.175110
1.283044
0.013192
0.028132
0.006540
0.004406
0.008121
0.013544
0.007872
0.014913
0.004051
0.007848
0.003640
0.003638
0.005862
0.004955
0.005408
0.005568
0.010996
0.042828
0.129175
0.087452
0.005832
0.014618
0.013924
0.485429
0.007346
0.008946
0.085116
0.040781
0.218572
0.006235
0.007005
0.064175
0.003018
0.113013
0.004296
0.102423
0.040477
0.038534
0.006572
0.526041
0.029562
0.362120
0.006717
0.133755
0.011545
0.006851
0.007616
0.020770
0.015636
0.001135
0.019268
0.013326
0.004788
0.018853
0.087409
0.163610
0.048444
0.003856
0.029316
0.004980
0.015878
0.004799
0.006607
0.004033
0.009187
0.021972
0.057670
0.018330
0.004547
0.005921
0.106841
0.003806
0.004962
0.003742
0.004032
0.004925
0.003934
0.005957
0.006550
0.013038
0.006892
1.235112
1.165405
0.203057
1.587420
0.162954
0.012255
0.751144
0.098817
0.082152
0.063463
0.577195
1.557988
1.591976
1.473359
1.518100
0.033073
1.497083
1.352013
1.143080
1.525527
2.128907
0.009000
1.127785
1.454870
0.038399
0.006399
0.901019
0.002891
0.013660
0.069893
0.007575
0.157089
0.064682
0.346092
0.005910
0.321220
0.049657
0.049954
0.803437
0.066365
0.016702
0.006059
0.073413
0.006411
0.080663
0.007881
0.066600
0.011147
0.078997
0.069224
1.077187
0.253806
0.103409
1.459575
0.005561
0.047730
0.012964
0.006055
0.010424
0.007243
0.007028
0.004128
0.012740
0.004397
0.003588
0.076425
0.012250
0.005256
0.015462
0.006630
0.003799
0.062547
0.010603
0.081124
0.010727
0.006015
1.444393
1.648776
0.004093
0.958514
0.052609
0.316076
1.571881
1.016786
0.021470
0.069293
0.082317
0.014324
0.006351
1.035047
0.010145
0.051679
0.054963
0.014302
0.096210
0.524874
0.421811
0.233723
0.005153
0.003165
0.064509
0.059517
0.059853
0.022054
0.004775
0.919406
0.039079
0.113010
0.065784
0.085371
0.053078
0.008688
0.068313
0.006385
0.004611
0.082126
0.132767
0.805408
0.042552
0.980938
0.016558
1.481381
0.006245
1.239361
0.003464
0.350639
0.020512
0.125934
0.383963
0.073861
0.876606
1.391501
0.266297
0.024427
0.004956
0.031925
0.058262
0.041596
0.002997
0.127600
0.168489
0.014929
0.007428
0.042431
0.092514
0.023203
0.019420
0.006834
0.007427
0.005155
0.496320
0.055532
0.012000
0.004463
0.003324
0.034333
0.057720
0.006181
0.137805
0.274779
0.024947
0.006563
0.003669
0.017448
0.003191
0.087134
0.003586
0.007278
0.008971
0.004325
0.052450
0.005030
0.004401
0.010243
0.005046
0.005276
0.027481
0.164706
0.922089
0.004462
0.005514
0.006769
0.007183
0.003574
0.003027
0.011406
0.062716
0.005334
0.003877
0.005350
0.006430
0.046473
0.115241
0.059907
0.004684
0.107323
0.077233
0.160769
0.003756
0.006081
0.069890
0.020991
0.057503
0.004859
0.005281
0.007761
0.029551
0.007477
0.175765
0.006664
0.004260
0.007397
0.042639
0.293756
0.005597
0.027867
0.090568
0.090097
0.390402
0.007957
0.032406
0.500014
0.013874
0.004333
0.012912
0.004107
0.017442
0.004391
0.003665
0.003941
0.005710
0.011440
0.011231
0.063868
0.020009
0.003509
0.015774
0.004621
0.013222
0.006614
0.009102
0.003695
0.257253
0.009598
0.003823
1.201051
0.007377
0.007855
0.012722
0.022678
0.128105
2.350512
1.485617
0.006597
0.005012
0.010407
0.008338
0.003669
0.254210
2.227159
0.003488
0.010277
0.005546
0.020021
0.005481
0.018804
0.004102
0.003642
0.015016
0.006438
0.005307
0.005766
0.005621
0.003496
0.170723
0.036080
2.292252
0.005702
0.188852
0.076050
0.008339
1.594144
1.525487
0.420809
0.583509
0.077948
0.002771
0.057350
0.006332
0.004212
0.007664
0.017023
0.001343
0.003672
0.024553
0.009555
0.016221
0.132320
0.027409
0.076869
0.003925
0.013982
0.007684
0.006257
0.003779
0.034405
0.080427
0.027789
0.460478
0.007942
0.003820
0.008318
0.012871
0.003065
0.004305
0.003585
0.015597
0.361685
0.006166
0.004785
0.017243
0.015579
0.010859
0.006134
0.027420
1.012250
0.168267
0.023988
0.423822
0.003436
0.002856
28.72268
0.163292
0.006389
0.018172
0.006132
0.060301
0.065830
0.042181
0.005044
0.188877
1.580267
0.115496
0.012696
0.014409
0.053259
0.055087
0.073338
0.029333
2.401922
0.154062
0.646475
0.074107
0.094599
0.854004
0.037558
0.015468
0.042250
0.051333
0.007650
0.018965
0.184823
0.055021
0.003480
0.016475
0.004327
0.004555
0.006080
0.004564
0.005746
0.003919
0.055733
0.010186
0.035455
0.019125
1.293548
0.007206
0.059080
0.146687
0.401987
0.056871
0.091430
0.200490
0.037439
0.038166
0.106665
0.503001
0.004070
0.117333
0.047708
0.009383
0.006731
0.004987
0.681786
0.020391
0.709933
0.048462
0.128441
3.766519
0.072673
0.152980
0.060988
0.319691
0.073688
0.033219
0.071112
0.113309
0.094545
0.009812
0.006672
0.034330
0.174139
1.057429
0.153536
0.191357
1.062414
0.004067
0.005177
0.003971
0.695243
0.001900
0.003535
0.005865
0.003461
0.010513
0.028428
0.004647
0.005032
0.049586
0.018639
0.003788
0.042653
0.005458
0.011175
0.006625
0.005869
0.010406
0.003874
0.129235
0.005060
0.005092
0.067436
0.011863
0.007142
0.057762
0.591362
0.822677
0.224329
0.010739
0.109374
0.077462
0.041204
0.011863
1.218821
1.341393
0.005844
0.335305
0.062828
0.690623
0.070781
0.036679
0.333816
0.006017
0.061118
0.004922
0.009997
0.003698
0.006177
0.003931
0.004084
0.080701
0.013831
0.046588
0.012882
0.068799
0.003193
0.004222
0.003840
0.007358
0.014953
0.003427
0.315385
0.071930
0.005515
0.088816
0.109629
0.103477
0.643389
0.006767
0.113336
0.014755
0.629379
0.006930
1.432052
0.070540
0.184006
0.014465
0.132920
0.002961
0.013908
0.016768
0.065040
0.719295
0.115382
0.845819
0.360188
0.018965
0.004451
0.003796
0.004106
0.004726
0.003710
0.070123
0.003100
0.011075
0.009039
0.015694
0.003318
1.317012
0.050931
0.994926
1.558696
0.071967
0.107390
1.010367
0.010561
0.123832
0.082810
0.126828
0.102721
0.004284
0.165022
0.087105
0.121681
0.067059
0.027181
1.208365
0.005038
0.019882
0.004080
0.145377
0.789469
0.009007
0.129290
0.065039
0.058156
0.070074
0.006844
0.003793
0.021275
0.005462
0.054523
0.002666
0.044441
0.009377
0.079624
0.172665
0.074828
0.162000
0.090103
2.382950
1.500591
0.249370
0.003212
0.097170
1.108945
0.724273
0.055995
0.266760
0.094711
0.020623
0.014431
0.142750
0.095039
0.012483
1.177548
0.032151
0.017515
0.039807
0.107443
0.156481
0.022561
0.004128
0.020176
0.083980
0.061359
0.005540
0.019162
0.130273
0.003916
0.084009
0.004736
0.006752
0.004348
0.004273
0.122693
0.038326
0.010888
0.003617
0.273552
0.015732
0.193436
0.005391
0.027723
0.006792
0.194424
0.003817
0.052667
0.004090
0.013625
0.014906
0.008998
0.003355
0.003886
0.004114
0.003578
0.005814
0.003419
0.003373
0.004853
0.066563
0.003083
0.024870
0.066423
0.013055
0.059253
0.007516
0.004453
0.003623
0.005391
0.004630
0.019699
0.005230
0.009258
0.004755
0.010244
0.003505
0.004902
0.013015
0.006661
0.009242
0.005670
0.017143
0.046866
0.031647
1.192445
1.140097
0.296159
0.158804
0.069860
0.015430
1.479440
0.045108
1.036373
0.006338
0.922086
0.127336
1.256960
0.019740
1.545125
0.005288
0.062372
0.006785
1.556948
0.025169
0.196962
0.523014
0.695098
1.532493
0.015459
0.631539
1.538781
0.570118
0.284708
0.018330
0.111836
0.063982
0.004147
0.016503
2.360393
0.087309
0.084090
0.091807
0.007302
1.399447
0.006121
1.417498
0.149890
0.043139
1.427364
0.045819
1.606316
0.600619
0.612820
0.046860
1.130183
0.014561
0.171703
0.173451
1.364271
0.342856
0.062047
0.074091
0.134856
0.035150
1.636641
0.096745
1.312601
1.641804
0.274388
0.075747
1.280254
0.071076
0.289288
0.458648
0.664500
1.041173
0.040827
0.006334
1.277262
0.005985
0.059888
0.799485
0.103857
0.005478
0.005182
0.006699
0.005264
0.017938
0.055152
0.009544
0.171105
0.001981
0.009543
0.009443
0.018180
0.041835
0.615795
0.007245
0.018014
0.013926
0.005069
0.034004
0.011397
0.229542
0.699695
0.004522
0.013864
0.031761
0.002976
0.020639
0.011775
0.221047
0.029401
0.235205
0.015360
0.005618
0.007089
0.058073
0.043862
0.301943
0.013182
0.175854
0.017056
0.005198
0.405607
0.287962
0.014659
0.324574
0.004696
0.077142
0.438931
0.004236
0.005166
0.009308
0.037351
0.316740
0.093615
0.010718
0.015611
0.003953
0.007929
0.005476
0.026599
0.011876
0.006382
0.013044
0.017589
0.004752
0.003406
0.003837
0.006000
0.006666
2.631346
0.003401
0.021581
0.011148
0.007775
0.111323
0.003761
0.645656
0.005357
0.019114
0.005097
0.017387
0.246225
0.020997
0.008769
0.006278
0.355069
0.057347
3.086919
0.038249
0.007723
0.046910
0.004310
0.074451
0.009112
0.019196
0.004683
0.003898
0.003916
0.038576
0.003990
0.524439
1.050693
0.168746
0.004227
0.194379
0.270103
0.004876
0.016429
0.003514
0.004356
0.079089
0.038855
0.003949
0.574888
0.184878
0.003230
0.004789
0.014848
0.004117
0.006563
0.003188
0.056102
0.003769
0.003008
0.005481
0.005146
0.005342
0.004696
0.325580
0.070646
0.477959
0.056696
0.004353
0.544868
0.176113
0.346869
0.005703
0.005861
0.015187
0.037247
0.021179
0.004522
0.039606
0.030430
0.003411
0.155456
2.243386
0.005384
0.003959
0.004045
0.018181
0.012478
0.005223
0.004042
0.003929
3.340068
0.201614
0.013473
0.205208
0.007709
0.004208
0.004830
0.008858
0.072826
0.003981
0.009254
0.007195
0.021423
0.005530
0.012429
0.003787
0.007398
0.047186
0.005289
0.004661
0.004943
0.058500
0.001795
0.005087
0.005095
0.005468
0.172560
0.272852
0.042002
0.036783
0.086889
0.298256
0.166685
0.163127
1.629176
1.149820
1.081644
0.190756
1.158355
1.395643
0.054649
0.112784
0.017253
0.092426
0.075655
0.935422
0.032733
0.059562
0.047483
0.105253
0.140005
1.353244
1.242496
0.010390
0.004799
0.005334
0.003978
0.004566
0.003714
0.005959
0.005380
0.005224
0.001210
0.013986
0.004512
0.003840
0.034960
0.062153
0.227982
0.008130
0.004434
0.005420
0.010329
0.010775
0.013987
0.152983
0.009505
0.005981
0.004001
0.024827
0.006998
0.004289
0.052145
0.007902
0.013774
0.002577
0.003903
0.097664
0.279268
0.023130
0.012128
0.080338
0.004263
0.200409
0.003984
0.006097
0.015118
0.036703
0.042537
0.040077
0.249097
0.323888
0.030740
0.043376
0.003855
0.049261
0.013132
0.005579
0.045538
0.032850
0.007520
0.015537
0.004528
0.030159
0.068382
1.018519
0.009624
0.167350
0.506964
0.005894
2.037794
0.557821
0.041385
0.006022
0.011132
0.003186
0.019182
0.005584
0.265075
0.176905
0.008853
0.009597
0.336444
0.003773
0.027121
0.115168
0.077232
0.057202
0.057969
0.320946
0.015010
0.017276
1.631922
0.093643
0.706080
1.619478
0.992640
0.046153
0.087577
0.034890
0.157630
1.125377
0.017087
1.452706
0.736463
0.042532
0.166891
0.170164
0.155397
0.019924
0.065460
0.049062
0.002877
0.003626
0.005551
0.001340
0.005319
0.005111
0.062881
0.004728
0.343753
1.128759
0.007745
0.736195
0.017668
0.127759
0.309740
0.050926
0.015431
0.007369
0.257077
0.007469
0.011402
0.061649
0.024659
0.062512
0.004404
0.004036
0.005605
0.005505
0.009079
0.405305
1.190988
0.144017
0.021448
0.095794
0.003650
0.003953
0.012213
0.003740
0.001899
0.008019
0.003651
0.004218
0.082231
0.079722
0.004447
0.006742
0.006472
0.025409
0.011929
0.211131
0.979682
0.003956
0.004490
0.003542
0.030484
0.005683
0.110743
0.006240
0.003971
0.119838
0.004090
0.010508
0.004749
0.004088
0.005295
0.013919
0.010272
0.002711
0.005434
0.003434
0.089223
1.047727
1.000226
0.026484
0.045757
0.044364
0.911804
0.060481
1.313770
0.080474
1.025137
0.034241
0.249343
0.080667
0.034653
0.068238
1.533608
1.769392
0.142212
0.081748
0.011266
0.021843
0.169922
0.051369
0.013923
0.006939
0.006544
0.274449
0.525520
0.013643
0.103099
0.045111
0.006568
0.006268
0.005641
0.056368
0.006321
0.004766
0.006011
0.164216
0.003306
0.005346
0.134926
0.013853
0.006973
0.057183
0.061173
0.004317
0.034582
0.008390
0.093616
0.006043
0.004309
0.088948
0.015996
0.007330
0.434529
0.009000
0.179811
1.030064
0.003788
0.008055
0.007010
0.003653
0.652451
0.032310
0.122682
0.658832
0.206010
0.106000
1.458917
1.477373
0.195061
0.860054
1.160077
0.882873
1.923705
0.287580
0.291983
0.094504
0.036839
0.013562
0.048608
0.014026
0.016428
0.005931
0.091567
0.020455
0.083191
0.005483
0.017108
0.008598
0.008134
0.020260
0.004602
0.200491
1.334880
0.218675
0.038388
0.068391
1.132239
0.002619
0.007506
0.423209
0.006459
0.009085
0.161126
0.140453
0.068264
0.417020
0.796255
0.670892
0.126424
0.479432
0.102167
1.114105
0.415949
2.212256
1.572739
0.999024
0.241228
0.073513
0.146484
0.107565
0.012080
0.006382
0.136199
2.632491
0.059333
0.065854
0.154441
0.083208
0.252478
1.571166
0.267512
0.075028
0.936297
0.072966
0.013317
0.058689
0.086663
1.983962
0.926399
0.041535
1.525186
1.406824
0.013620
0.077283
1.344360
1.521752
0.376633
1.215169
0.008318
0.192986
0.064788
0.070560
0.009582
0.022641
0.205007
0.301942
0.012119
0.145537
0.031304
0.432220
0.005916
0.984281
0.006239
0.059119
0.083853
0.005783
0.008921
0.833004
0.004363
0.091802
0.074399
0.004349
0.032863
0.003712
0.004409
0.006707
0.004488
0.013037
0.020840
0.026621
0.002459
0.011233
0.007314
0.074264
0.003685
0.005151
0.003174
0.049737
0.004260
0.012384
0.004673
0.007574
0.163048
1.503647
0.025073
0.127948
0.072677
1.278411
0.089554
0.243229
0.319090
0.221564
0.012047
0.210524
1.555407
0.045929
1.494321
0.110134
1.407507
0.493257
0.026063
0.110446
0.097276
0.109543
0.048568
0.079084
0.052868
0.065145
1.187974
1.439127
1.286886
0.166495
0.138280
1.510801
0.031612
0.076038
0.885739
0.934074
1.045231
0.144559
0.154708
0.037859
3.171550
0.353389
0.041370
0.028254
0.378361
0.004704
0.113359
1.285307
0.033634
0.405068
1.101158
0.703183
0.006167
1.165027
0.004551
0.094620
0.044489
1.478278
1.510793
0.604154
0.006256
0.003323
1.514607
0.013427
0.003149
0.010711
0.005161
0.011938
0.004342
0.085031
0.007740
0.111653
0.008490
0.004967
0.001528
0.015547
0.008706
0.798229
0.065262
0.094261
0.484111
0.665410
1.317206
1.157203
1.495491
1.343906
0.168823
0.361262
0.154950
0.364117
1.310038
0.072030
1.587065
0.215396
0.287363
0.017574
0.058264
0.074354
0.240689
0.015261
0.006628
0.054862
0.003853
0.007992
0.004815
0.010045
0.018993
0.003694
0.079308
0.257151
1.015108
0.064478
0.004096
0.638915
0.038988
0.227511
0.014507
1.699145
0.059995
0.316805
0.003304
0.099414
0.008899
0.044669
1.422899
0.046028
0.014258
0.086640
0.100170
0.004394
0.013042
0.060137
0.003231
0.003830
0.005015
0.012164
1.082352
0.004689
0.007792
0.023826
0.008058
0.006952
0.021154
0.008151
0.011051
0.003746
0.014274
0.014534
0.075705
0.004500
0.007401
0.007429
0.018488
0.151361
2.357937
0.071601
0.068955
0.307587
0.068617
0.006358
0.094892
1.042145
0.959275
0.004330
0.277465
0.712780
0.005922
0.052017
0.004131
0.375050
0.008223
0.015466
0.005733
0.004640
0.005780
0.057485
0.014908
0.042020
0.005426
0.005031
0.067997
0.303743
0.018057
0.004735
0.005034
0.095442
0.413779
1.404539
0.041717
1.276470
0.040710
1.191343
0.048916
1.276203
1.337427
0.447097
0.118629
0.055355
0.037346
1.270094
0.120142
0.041341
0.008348
1.643107
0.398568
1.519655
0.001681
0.004867
0.003513
0.037603
0.027109
0.174799
0.005060
0.031556
0.126929
1.318933
1.484453
0.017172
1.486067
0.072909
1.536317
1.497375
0.089609
1.439338
1.246888
1.576007
0.047178
0.021427
0.009588
0.269875
0.004639
0.007399
0.696995
1.164797
0.058891
0.067276
0.084949
0.020088
0.004804
0.365036
0.149954
0.004308
0.017067
0.094840
0.006144
0.186619
0.006854
0.042299
0.004217
0.925095
1.610704
0.006696
0.775266
0.009229
0.006457
0.020065
0.026105
0.013286
0.185627
1.405578
0.042046
1.250246
0.026629
0.046258
1.131944
0.530095
0.037446
0.004203
0.064301
0.044065
0.790999
1.138429
0.055785
1.270737
0.005270
0.048908
0.258038
0.090750
0.081690
0.035799
0.676411
0.057129
0.975387
0.060878
0.059668
0.010930
0.039808
0.011460
0.579398
0.214307
0.003431
0.458039
0.207867
0.005442
0.211660
0.426167
0.553470
0.112631
0.668087
0.262204
1.305272
0.905285
0.126432
0.089754
1.578090
0.027260
0.060216
0.790387
0.142131
0.058682
0.068124
0.025579
0.012110
0.021772
0.013352
0.032231
0.078341
0.145996
1.113598
0.138315
0.258137
1.341939
1.575574
0.178084
0.369983
0.196565
1.596443
0.050944
0.760297
0.010454
0.152541
0.264533
0.006647
1.370183
0.357864
1.468088
0.259391
0.024350
0.439329
1.158773
0.004783
0.036144
0.009176
0.268705
1.093108
0.077629
0.379829
0.030104
0.012509
0.021433
0.167435
0.220127
0.074392
0.062574
0.085487
0.087287
0.003873
0.055496
0.005223
0.254797
1.586666
0.003992
0.008447
0.005734
0.024732
1.549346
0.082383
0.018012
0.045254
0.256429
0.127926
0.026044
0.018832
0.015568
0.087301
0.004649
0.005221
0.005540
0.006515
0.089948
0.076840
0.003414
0.084824
0.015414
0.061426
0.007954
0.199426
0.010837
0.002419
0.004971
0.089103
0.003773
0.005337
0.028284
0.005634
0.017407
0.005169
1.510925
1.125076
0.195455
1.555764
0.064659
1.504963
0.687734
1.069347
0.003721
0.038377
0.275633
0.009113
0.149854
0.179193
1.397587
0.070238
0.062335
0.091035
0.046741
0.351956
0.412285
0.168649
0.175324
0.669133
0.173046
0.012096
0.002869
0.039480
2.563942
0.799177
0.334112
0.132702
1.253355
0.077239
0.014810
0.124348
0.022410
0.190593
0.069036
0.081487
1.351418
0.143720
0.004952
0.006281
1.135004
0.028632
0.003079
0.068067
0.004012
0.040759
0.060361
1.600462
0.010144
0.025016
0.008498
0.003672
0.005566
0.067612
5.712015
0.006583
0.005397
0.003069
0.047628
0.004520
0.005661
0.005085
0.003871
0.005061
0.004398
0.010334
0.017701
0.005379
0.004226
0.003885
0.005661
0.008924
0.004798
0.005196
0.006885
0.047195
0.039906
0.455516
0.364269
0.358686
0.086942
0.312599
1.960856
0.113135
0.123024
1.051767
1.172455
1.036248
0.070082
0.036768
0.178819
1.510887
1.306090
0.522638
1.260754
0.007530
0.045581
0.017392
0.011881
0.203986
0.006904
0.004342
0.019137
0.005726
0.003971
0.004321
0.055869
0.003739
0.004020
0.006138
0.004188
0.004567
0.009751
0.053360
0.004083
0.006628
0.004502
0.005298
1.670668
0.225925
0.060576
0.007662
2.066500
0.113849
0.118018
1.045708
0.031944
0.217324
0.885673
1.571462
1.567118
0.005319
0.003900
0.005673
0.003036
0.011677
0.011239
0.004793
0.146083
0.057550
0.785515
0.078040
0.013145
1.522619
0.091338
0.053794
0.605414
0.719582
0.009307
0.005752
0.386871
0.269396
0.006971
0.003812
0.149752
0.033304
0.028110
0.009334
0.872962
0.013668
0.011912
0.313871
0.011814
0.656946
0.028904
0.019531
0.240085
0.073946
0.006599
0.754132
0.015085
0.002170
0.544203
0.004928
0.036537
0.054488
0.173250
0.010389
0.075812
0.035591
0.020679
0.006240
0.094342
0.004239
0.032976
0.138791
0.171025
0.004340
0.012179
0.125331
0.005272
0.230335
0.644833
0.064248
0.106219
0.178917
0.007842
0.101787
0.055747
0.155684
0.446758
0.064381
0.007190
0.045001
0.008702
0.306467
0.042306
0.004069
0.386646
0.029864
0.013410
0.004501
0.078819
0.084055
0.004436
0.061484
0.340106
0.089185
0.008212
0.899764
0.067676
0.043729
0.700528
0.524863
0.561641
0.537784
0.591408
0.035953
0.079795
0.009285
0.007523
0.003656
0.003768
0.013863
0.003193
0.003988
0.013874
0.006978
0.012107
0.003498
0.043393
0.003563
0.004307
0.012355
0.005695
0.013192
0.005945
0.004129
0.091256
0.002745
0.003428
0.007660
0.850262
0.007653
0.003516
0.028020
0.004107
0.020937
0.113930
0.211728
0.005349
0.057315
0.006326
0.004944
0.003414
0.007932
0.006184
0.007578
0.004338
0.004217
0.276773
0.022474
0.021434
0.008198
0.009961
0.006445
0.005585
0.006370
0.017151
0.499175
0.003784
0.105664
0.014104
0.004924
0.015169
0.004110
0.005752
0.047141
0.002524
0.002408
0.029611
0.005322
0.003755
0.007915
0.006992
0.031741
0.020674
0.075861
0.003821
0.005373
0.098770
0.087200
0.039449
0.007088
0.010051
0.003536
0.038015
0.003920
0.003642
0.084720
0.068837
1.433567
0.069136
0.866988
0.056249
0.004087
0.004491
0.021316
0.206142
0.003284
0.006700
0.079260
0.004663
0.049801
0.039518
0.005607
0.002796
0.295309
0.007423
0.047393
0.132445
0.171999
0.039530
1.330441
2.036289
1.308087
1.579879
0.009873
0.343871
0.003047
0.081915
0.094811
1.496131
0.989822
0.509440
2.015099
0.861366
0.012900
0.043278
1.234989
0.569168
0.242005
0.140954
0.082382
0.132701
0.354604
0.058567
0.009229
0.018703
0.003883
1.019298
0.096593
0.031271
1.541975
0.034788
0.436997
0.004200
0.032650
0.027459
0.044693
1.654374
0.014366
0.005618
0.026494
0.003195
0.257279
0.028197
0.002185
1.527733
0.146807
0.844533
1.400055
0.054957
0.071661
0.074248
0.236026
0.009739
0.312750
0.927419
0.151652
0.031030
0.745655
1.412718
0.168944
0.011473
0.335287
1.613547
0.232131
0.685275
0.023204
1.243586
0.086940
0.024916
0.050564
0.018369
0.006684
0.167254
0.004799
0.064532
1.603401
0.072583
0.150705
0.084914
1.155914
0.008797
0.071377
0.052612
0.003305
0.165495
0.026824
0.089492
0.313329
0.546718
1.035007
0.012390
0.027738
0.947444
0.053792
0.005035
0.003951
0.005646
0.003784
0.004125
0.008895
0.016110
0.020695
0.006571
0.004801
0.006146
0.016156
0.003652
0.006309
0.004639
0.005202
0.006753
0.210563
0.072647
0.006845
0.163373
1.579683
0.141574
0.157551
0.009974
1.463785
0.528387
0.060485
0.007695
0.005610
0.004283
0.250395
0.004955
0.023085
0.003571
1.184190
0.123633
1.392202
0.016703
0.008665
0.034547
0.099075
0.599548
0.074703
0.005241
17.45496
0.037290
0.245604
0.070775
0.011014
0.080724
2.236027
0.114121
0.353033
0.044733
1.489611
0.112045
0.138723
1.458028
0.122288
0.015149
0.118505
0.007916
0.054633
0.028542
1.279733
1.401607
0.986122
0.011173
0.387049
1.100253
1.442583
1.214538
1.502741
0.003504
0.178330
0.024729
0.122628
0.034138
0.168786
0.137898
1.570692
1.232860
0.032334
0.029524
0.022400
0.177194
0.006765
0.019046
1.263369
1.083782
0.131575
1.139625
0.027984
0.014263
0.058171
0.205512
0.052889
1.000297
0.003398
1.294885
0.161424
1.378701
0.458850
0.382549
0.179402
0.027151
0.120133
0.012644
0.204742
1.160680
0.130675
0.075595
1.375758
0.054030
0.075841
0.058673
1.439842
1.306104
1.202187
1.429351
0.014514
0.024094
0.158233
0.158863
0.029155
0.047960
0.003853
0.053163
0.080474
0.102985
0.505584
0.259979
0.147283
1.512383
0.080216
0.130213
0.120949
0.009561
0.029068
0.004283
0.009833
0.154140
0.010929
0.280627
0.008750
0.004008
0.029215
0.074400
0.004517
0.004021
0.093620
0.098475
0.020858
0.006347
0.016877
0.022344
0.007745
0.003850
0.104344
0.078312
0.648276
0.058941
0.060287
0.788296
0.018515
0.040477
0.034776
0.032555
0.006985
0.097675
0.003059
0.030114
0.003958
0.016465
0.077915
0.403672
0.014635
0.034629
0.017433
0.066621
0.006436
1.696208
0.009461
0.004467
0.003822
0.024979
0.010241
0.003519
0.014833
0.003880
0.006099
0.006676
0.004786
0.132047
0.004609
0.006439
0.056726
0.001181
0.378771
0.055086
0.056848
0.009572
0.011812
0.011533
0.135170
0.895925
0.012498
0.434013
0.158594
0.013197
0.016407
0.765997
0.424521
0.048438
0.649593
0.011701
0.051277
0.080173
0.086382
0.040649
0.069810
0.004905
0.069861
0.201915
0.013465
0.041842
0.034499
0.005776
0.240895
0.381574
0.069479
0.928177
0.006439
0.004778
0.004910
0.009897
0.334360
0.001905
1.277367
0.209120
0.124951
0.770038
0.126071
0.095693
0.622881
0.976772
1.097696
1.291510
1.388785
0.123966
0.059507
0.270769
0.052468
0.053529
1.079751
0.388366
0.061582
0.103731
0.006511
0.123399
8.952794
0.059503
0.005049
0.006095
0.010013
0.006703
0.029914
0.009574
0.011708
0.139690
0.013653
0.321767
0.003370
0.027890
0.166041
0.298007
1.637312
1.501237
1.597539
0.007552
0.118534
0.054784
1.473374
0.167834
0.736815
0.004729
0.079907
0.009615
0.014467
0.083402
0.011846
0.437405
0.004318
0.802599
0.129289
0.187140
1.321039
0.004334
0.072928
1.140597
0.014282
0.488298
0.006945
1.219561
0.125712
1.132072
0.285243
1.454230
0.189096
0.091842
0.004910
0.126076
0.066208
1.089311
0.119676
0.184589
0.134873
0.191090
0.964680
1.285499
0.164776
0.033447
0.038447
0.091040
1.456799
0.114648
1.477612
0.941830
0.047902
1.382074
0.004193
1.438989
0.048765
0.077336
0.006368
0.002619
0.004297
0.016310
0.102825
0.013204
0.006631
0.073564
0.004984
0.004929
0.012436
0.013652
0.013476
1.495974
0.787152
0.005792
0.105081
0.015394
1.575994
0.055914
0.018826
0.144555
0.519662
0.022998
0.003552
0.053661
0.008614
0.019656
0.006572
0.004181
0.006411
0.151144
0.061610
1.351164
0.235618
0.003369
1.528075
1.074449
0.028227
0.190821
1.436576
0.153545
0.882767
0.025948
0.582605
0.135909
0.013009
0.006399
0.017202
0.038483
0.696232
0.011368
0.046380
1.307258
0.868629
0.092360
0.184587
0.090497
0.080052
1.816455
0.332046
0.372761
1.443459
0.127697
0.003352
0.030735
0.333493
0.139909
1.502964
0.009640
0.060755
0.159415
0.126085
1.337776
0.286303
0.117488
0.089519
0.004663
0.905791
0.166095
0.038021
0.005073
0.005379
0.050693
0.004770
0.027941
0.003677
0.008735
0.006073
0.090774
0.024872
0.018909
0.243716
0.010768
0.172581
0.006991
0.004715
0.004186
0.005575
0.008654
0.011523
0.006109
0.003999
0.004939
0.009469
0.007073
0.008533
0.030868
0.003707
0.004084
0.003335
0.008027
0.005640
0.005285
0.013034
0.018465
0.029694
0.009925
0.044214
0.636803
0.027366
0.014716
0.066883
0.047965
0.054726
0.081096
0.010976
1.129032
0.026057
0.004003
0.003199
0.019926
0.052327
0.049209
0.013424
0.139225
0.010878
0.920550
0.014804
0.006474
0.009530
0.017661
0.016251
0.050258
0.082575
0.215485
0.074931
0.128188
0.004498
0.019913
0.082903
0.002639
0.008881
0.018153
0.154507
0.020877
0.042334
0.004571
0.005744
0.005902
0.055578
0.011761
0.591641
0.021812
0.011084
0.364326
0.080509
0.010429
0.682035
0.060473
0.638745
0.040045
0.004227
0.004136
0.084920
0.052779
0.013383
0.017784
0.848439
0.026750
0.006462
0.010172
0.016027
0.003771
0.022148
0.004644
0.164589
0.004285
0.125663
0.039721
0.709257
0.056361
0.003668
0.014738
0.007421
0.004309
0.060546
0.003859
0.010388
0.017983
0.037313
0.006553
0.032964
0.119808
0.009982
0.022103
0.004550
0.005908
0.026623
0.004197
0.010624
0.219289
0.007519
0.012234
0.004424
0.358915
0.010796
0.210145
0.105119
0.013162
0.076378
0.156608
0.087740
0.027627
1.538077
0.072934
0.025781
1.374817
0.010078
0.004329
0.055914
0.005310
0.494250
0.102916
0.050682
0.005545
1.120802
0.005071
1.498213
0.817675
0.055625
0.448739
1.683229
0.061704
0.365217
0.126614
0.007992
0.043637
0.004237
1.222369
0.045600
0.131989
0.718986
1.369337
0.053673
0.105965
0.914326
0.009199
1.569717
0.870526
0.008496
0.174337
0.011434
0.039130
1.555567
1.515096
1.666657
0.005248
0.006261
0.221728
0.005557
0.005294
0.007194
0.008047
0.005776
0.056807
0.005364
0.081651
0.002149
0.013349
0.152416
0.177037
0.055227
0.005573
0.005395
0.005447
0.005562
0.003473
0.005191
0.094434
0.281533
1.395251
0.187723
1.332925
0.084686
0.053577
1.398712
1.138616
1.533139
0.071615
0.031293
0.013416
0.007022
0.004498
0.008009
0.465354
0.058710
0.008900
0.119765
0.259101
0.003489
0.012046
0.024030
0.006738
0.004212
0.151193
0.005058
0.093615
0.007767
0.042011
0.069193
0.014109
0.018039
0.191852
0.165606
1.030374
1.400605
1.397665
1.226799
0.164771
0.084634
0.211297
0.005960
1.193990
0.005805
0.019232
0.158798
1.359235
0.068980
0.125458
0.104260
0.194079
0.124112
1.116274
1.515722
1.353194
1.312056
0.686214
0.020294
0.048173
1.577947
0.154665
0.114406
0.086372
0.162692
0.059028
0.003987
0.033511
0.008929
0.006191
0.005599
0.055415
0.923468
0.030036
0.008043
0.048285
0.356840
0.003204
0.008867
0.111369
0.007932
0.060259
0.011131
0.334642
0.034245
0.055233
0.070081
0.016249
0.009639
0.266837
0.519371
0.014519
0.015084
0.079418
0.064817
0.058670
0.013572
0.008678
0.006592
0.218959
1.588691
0.006786
2.241843
0.012845
0.673768
0.054026
0.013538
0.004889
0.664332
0.005226
0.185800
0.061570
1.023390
0.899589
0.062671
0.062332
0.060565
0.064949
0.767852
1.641937
0.006466
0.006225
0.264829
0.092299
1.562223
0.023795
0.056579
0.008711
1.438240
0.007892
0.048016
0.043612
0.018673
0.060254
0.069305
0.101654
0.213277
0.014108
0.153815
1.288024
0.544642
1.404538
1.101678
0.054520
0.739733
0.004719
1.117819
1.628822
0.081353
0.019635
0.096347
0.013960
1.433958
5.047146
0.104688
0.079615
0.003793
15.60513
0.004765
0.111626
0.986219
0.054125
0.047476
0.004239
0.013444
0.204074
0.006442
0.008301
0.084972
0.006865
0.070342
0.057250
0.010124
0.041284
0.007509
0.003866
0.004494
0.236050
0.003439
0.004090
0.013109
0.006628
0.017282
0.004027
0.003844
0.002898
0.003822
0.003946
0.004398
0.127021
0.009488
0.005754
0.005004
0.007733
0.003332
0.018603
2.418673
0.007527
0.003895
0.003099
0.005167
0.005378
0.004696
0.007087
0.004210
0.003350
0.093649
0.006590
0.005227
0.804375
0.033842
0.804076
0.069416
0.250422
0.007260
0.008616
0.006824
0.006311
0.052765
0.011849
0.006706
0.088164
0.730135
0.098501
0.058340
0.131567
0.301897
2.383681
1.088058
1.157849
1.620071
0.288115
0.074469
0.006907
0.070954
0.031148
0.822250
0.010563
0.051586
0.006951
0.063108
0.498946
0.041505
0.060614
0.138086
0.098478
1.247792
1.473993
0.049566
1.384397
0.138313
0.296228
0.119235
1.433589
1.180011
0.137046
0.051830
0.007947
0.057529
0.012908
0.026725
0.076315
0.041698
0.027294
0.005905
0.007913
0.005990
0.010821
0.564067
0.006011
0.264369
0.007907
0.006805
3.115730
0.033834
0.004279
0.009242
0.009589
0.056413
0.063959
0.044355
0.014962
0.023618
0.006688
0.004792
0.003750
0.006690
0.068484
0.013313
0.006482
0.035396
0.006059
0.164647
0.005058
0.068190
0.832233
0.200451
0.006263
0.753912
0.791209
0.119262
0.465484
0.082775
0.015167
0.006258
0.006448
0.000936
0.645657
0.662092
0.010268
0.006608
2.500012
0.420474
0.103960
0.149392
0.073000
0.150883
0.066401
0.126739
0.006996
0.016313
0.451442
0.129185
0.323395
0.211203
0.369607
0.039594
0.476203
0.023948
0.003731
0.011274
0.091929
0.134608
0.002483
0.441663
0.004122
0.056500
0.009276
0.004802
0.011580
0.082690
0.023573
0.005593
0.015278
0.011167
0.005984
0.004060
0.003654
0.003186
0.002184
0.005158
0.004597
0.121003
0.151894
0.010494
1.599071
0.019566
0.006643
0.072626
0.004504
0.016386
0.523285
0.004028
0.060193
0.004499
0.061653
0.025426
0.003380
0.017806
0.004238
0.014894
0.393842
0.006508
0.368894
0.007773
0.252838
0.007037
0.077855
0.106406
0.005376
0.005303
0.198049
0.012210
0.005280
0.010133
0.003323
0.006378
0.027920
0.052224
0.007757
0.004050
0.010243
0.057790
0.010333
0.010129
0.004455
0.007103
0.050456
0.003695
0.003620
0.010951
0.005137
0.009514
0.004220
0.005616
1.103833
0.026483
0.007147
0.113291
0.055841
0.105034
0.119466
0.484212
0.112552
0.086196
0.081077
0.471669
0.025615
0.254740
0.001935
0.445165
0.690078
0.110389
0.004560
0.008704
0.958600
0.004464
0.054679
0.021312
0.018431
1.050949
0.005359
0.006266
0.031450
0.076532
0.134655
0.097901
0.048742
0.012379
0.039350
0.308648
1.142873
0.123854
0.174460
1.566430
1.596566
1.196015
0.344883
0.402944
2.336232
1.081260
1.590531
0.044113
0.204355
0.769133
1.403046
0.166634
0.014283
0.057903
1.599311
1.455653
0.027571
1.272477
0.055163
0.005475
0.365493
0.041249
0.033155
0.555263
0.006147
0.003080
0.034829
0.092492
0.115052
0.049559
0.753108
0.363708
0.006511
0.007727
1.644059
0.035787
0.027214
0.066837
0.017285
0.018091
0.019671
1.606963
0.086610
0.115070
0.831827
0.003439
0.005632
8.926764
0.045268
0.216277
0.038725
0.171506
0.917199
0.008488
0.026753
0.124452
0.707621
0.118296
0.004755
0.183959
1.444075
0.278728
1.247073
0.337966
0.006684
0.396728
1.003827
0.023101
0.020230
0.005432
0.035608
0.009582
0.096025
0.014387
0.022696
0.026993
0.005994
0.007981
0.067012
0.064265
0.003844
1.405242
0.010766
0.045945
0.069004
0.276469
0.004060
0.057326
0.003597
0.003489
0.030966
0.025270
0.080271
0.003632
0.013337
0.101344
0.014144
0.027423
0.082671
0.144571
0.300756
0.353869
0.012244
0.021299
0.165517
0.857751
0.165265
0.544668
0.932352
0.188895
0.521023
0.182941
0.127087
0.089416
0.029632
0.106910
0.092923
1.448128
0.111667
1.422694
1.416043
0.130531
0.027710
0.038261
0.252385
0.123923
1.447524
1.324179
0.121064
1.500686
1.093538
1.380669
0.156521
0.024182
4.693125
1.109530
0.094197
0.004026
0.022202
0.003951
0.201507
0.080758
0.100798
0.003625
0.004383
0.007227
0.023722
0.007812
0.037137
0.045962
0.004491
0.006348
0.006778
0.008574
0.006170
0.006045
0.008207
0.004034
0.006377
0.019880
0.023956
0.033151
0.173274
0.017080
0.006431
0.129444
0.003464
0.005036
0.007432
0.005889
0.016925
0.004189
0.006118
0.007514
0.004109
0.005584
0.008130
0.002680
0.003811
0.004399
0.007632
0.020793
0.010099
0.004257
0.043252
0.006277
0.006267
0.409627
0.006390
0.003134
0.006241
0.019351
0.004788
0.056434
0.013645
0.002639
0.014939
0.010935
0.004215
0.071014
0.023146
0.011025
0.003849
0.006080
0.019781
0.718857
0.007326
0.024402
0.021038
0.006384
0.004414
0.054281
0.102287
0.393236
0.020328
0.026674
0.058990
0.039226
0.003570
0.012614
0.020062
1.763388
0.492884
0.502215
0.120918
0.104172
0.027175
0.015014
0.002951
0.602168
0.006395
0.009250
9.538554
0.006805
0.023896
0.007100
0.069003
0.983590
1.347430
0.438433
0.035248
0.013167
0.231190
1.827299
0.288416
0.020156
0.008616
0.007150
0.227727
0.249475
0.160586
0.010492
0.260711
0.218057
0.019902
0.188827
0.285634
5.941529
0.012928
0.707809
1.473529
0.004189
0.022635
2.076639
0.005303
0.008547
0.003376
0.094279
0.342143
0.102331
0.101630
0.028719
0.016592
0.324759
0.085064
0.697088
0.072353
0.073932
1.054188
0.007830
0.016379
0.194081
0.004101
0.007785
0.008606
0.057809
0.005185
0.014086
0.005506
0.003686
0.008719
0.004411
0.058182
0.006429
1.340509
0.131624
1.419235
1.390728
1.501920
0.838857
0.047115
0.315786
0.192868
0.101742
0.005427
0.202328
0.004316
0.326728
0.078559
1.084322
0.126465
1.030635
0.712306
0.062067
1.274703
1.195004
0.183245
0.129352
0.066519
0.086211
0.149105
0.097875
1.280573
0.148091
1.346152
1.394274
0.031417
1.477811
0.341470
0.152885
0.080810
1.741482
0.005513
0.004971
0.021914
0.071257
0.010243
0.018681
0.015915
0.005508
0.033028
0.004541
0.014581
0.054674
0.075382
0.036578
0.058775
0.013501
0.137913
0.028611
0.087896
0.015097
0.004432
0.160367
0.237395
0.139208
0.005188
0.033572
0.453306
0.002500
0.007068
0.305815
0.004295
0.031200
0.006716
0.048469
0.006436
0.077308
0.036388
0.004718
0.016468
0.016200
0.009372
0.003434
0.003275
0.080496
4.486768
0.112570
0.054477
0.017220
0.043606
0.126215
0.005538
0.006809
1.184142
0.015169
0.018765
0.231073
0.073556
1.032772
0.040247
0.003090
0.059952
0.343378
0.006126
0.099738
0.814527
1.188347
0.063049
0.060233
0.031292
0.005444
0.064266
0.144338
0.027256
1.511644
0.004754
0.013934
0.012313
0.417160
0.349748
0.043872
0.145834
0.033169
0.027054
0.039890
0.006191
1.444729
1.239178
0.009644
0.098956
1.466021
1.510853
1.642605
1.501954
0.330620
0.068175
0.007710
0.163379
0.083472
2.653338
0.020812
0.005601
0.075474
0.003981
0.057236
0.066888
0.036207
0.027745
1.339602
1.160926
0.270599
0.006263
0.003453
0.007582
0.006476
0.017722
0.005349
0.332919
0.020054
1.032469
1.173850
1.271666
0.118467
1.533476
0.669047
0.134127
0.379885
1.698420
1.420002
0.019402
1.364199
0.462485
1.522746
0.184675
0.544810
0.011324
0.006257
0.020252
0.803818
0.025741
0.007244
0.005808
0.013724
0.003910
0.037432
0.006414
0.010769
0.023613
0.094977
0.007856
0.008014
0.004546
0.014141
0.043335
0.012578
0.006601
0.003999
0.018896
0.007103
0.003678
0.003826
0.049127
0.054852
0.004629
0.111383
0.060772
0.275531
0.007807
0.009798
0.001362
0.015382
0.009786
0.005247
0.110778
0.053217
0.283297
0.059747
0.314571
0.040092
0.228734
0.004200
0.009381
0.082416
0.010666
0.028787
0.015409
0.922869
0.005468
0.095930
0.021910
0.144476
0.054031
0.007881
0.030179
0.008327
0.014752
0.176429
0.026998
0.002478
0.005902
0.003371
0.016410
0.015650
0.011262
0.003473
0.007264
0.014428
0.055925
0.003517
0.004661
0.005536
0.005825
0.004021
0.063726
0.006765
0.004041
0.201895
0.368591
1.347418
1.202763
0.082812
1.025900
0.123254
0.012494
0.007334
0.021128
0.485548
0.007472
0.166732
0.001922
1.276171
0.004235
0.109571
0.045904
0.018708
0.003807
0.009819
0.003636
0.005319
0.048728
0.005786
0.004047
0.011978
0.003404
0.004582
0.069658
0.229725
0.008702
1.466637
1.163986
0.005538
0.009155
0.087086
0.062646
1.633193
0.012488
0.055884
0.008398
0.030017
0.066700
0.010080
0.008078
2.280489
0.122562
0.006466
0.011204
0.002892
0.003339
0.942335
0.052328
1.316428
0.038048
0.004862
0.016782
0.059461
0.275534
0.005344
0.058207
0.007404
1.837265
0.056039
0.386294
0.180597
1.361428
0.294211
0.077653
1.177114
0.162396
0.001680
0.230027
0.062676
0.003281
0.058944
0.131806
1.447893
0.030507
0.908011
1.119357
0.136141
1.291798
1.580453
0.316234
0.968215
0.059789
0.057472
0.003326
0.008414
0.051841
0.061162
0.046129
2.287706
0.019204
0.116923
1.228796
0.881147
4.634870
0.058068
1.209980
1.508218
1.402908
0.024239
0.885197
1.176306
1.390387
0.006737
0.100395
0.233544
0.022073
0.163354
0.115528
0.019982
0.095264
0.007435
0.005115
0.005750
0.007709
0.007290
0.003874
0.009652
0.127827
0.004365
0.179990
0.028771
1.696304
0.010308
0.006457
0.109065
0.042878
0.215285
0.056201
0.064333
2.325204
0.214734
0.267237
0.093030
0.048228
0.197525
0.609635
0.004645
0.502739
0.090355
1.073335
0.031507
0.892709
0.064857
0.062966
1.280705
1.246912
0.094659
1.263081
0.005562
1.572528
0.153226
1.102605
0.039994
0.006767
9.425968
0.284990
0.205975
0.006467
0.122104
0.058653
1.591769
0.091779
0.068158
0.007547
1.633028
0.677010
0.044842
1.016210
1.273765
1.089638
1.243281
0.048663
1.093531
0.267739
0.124619
1.397424
0.166558
0.097282
1.380985
3.774722
0.283508
1.427267
1.517658
1.243189
0.046012
0.497470
0.036047
0.007946
0.004129
0.025229
0.206144
0.006593
0.011708
0.012375
0.171790
0.114475
0.341715
0.012562
0.593218
0.053715
0.016202
0.848385
0.976515
0.046670
1.644192
1.481456
0.007232
0.279267
0.024002
1.520890
0.058389
1.223697
0.034674
0.036882
0.155988
1.398433
1.462490
2.159272
0.192286
0.170465
0.159374
1.571538
0.806825
1.497920
0.175514
0.850939
0.642828
0.003759
0.006376
0.004157
0.006337
0.009852
0.004762
0.029905
0.025584
0.004757
0.005494
0.001948
0.008326
0.260116
0.092309
0.021430
0.004184
0.022955
0.003408
0.006160
0.052222
0.008000
0.009558
0.008090
0.005393
0.004480
0.007511
0.054472
0.040681
0.175456
0.042505
1.569139
1.495369
0.501030
1.367486
1.713015
0.039584
1.167119
0.109519
0.105555
0.176856
0.044384
0.004118
0.049732
0.020378
1.518180
0.005752
0.200751
0.135257
0.010088
0.136002
0.195658
0.011906
0.007441
0.054690
0.004744
0.004668
0.021840
0.076161
0.224962
0.071167
1.343664
0.461731
0.041037
1.380431
0.100798
0.012808
1.635505
0.006006
0.098106
0.105664
1.036826
0.253216
1.838611
1.448899
0.008354
1.429929
0.048943
0.553255
0.060054
0.796543
0.087724
1.273103
1.411141
0.165618
0.107151
1.402433
0.019723
1.369812
0.700777
1.283999
1.022335
1.527979
1.772603
0.549013
0.362807
0.025276
0.010187
0.058345
0.006069
0.383716
0.828441
1.109035
0.260264
0.017122
0.074192
0.004306
0.063289
0.003393
0.458028
0.012193
0.003963
0.009433
0.004738
0.078131
0.007397
0.004334
0.012701
0.004471
0.003510
0.006058
0.137554
1.211247
0.043026
0.055975
0.004467
0.033558
0.003907
0.007087
0.249194
0.007023
0.006193
0.007147
0.004188
0.079872
0.099229
0.006177
0.009839
0.003822
0.007527
0.003881
0.003262
0.003033
0.005825
0.526647
0.293829
0.130426
1.137759
0.279769
0.054303
0.165634
0.008040
0.042978
0.069710
1.565574
0.122356
0.010030
0.947060
0.129361
0.075385
0.323387
0.121654
0.030632
0.009886
0.793005
0.344276
1.324510
0.063116
0.138305
0.033721
0.006907
0.263587
0.149073
0.349651
1.419977
1.551648
1.983303
0.610463
1.178851
0.022929
0.002439
0.063810
0.072718
0.017397
0.568018
0.014002
0.012588
0.801154
0.006245
0.007720
0.009290
0.007259
0.060192
0.003388
0.056089
0.008475
0.006915
0.005397
0.004962
0.030708
0.005590
0.060044
0.004589
0.486782
0.181127
1.323559
0.028757
0.285859
0.011656
1.254355
0.197778
0.021257
0.100446
1.602701
0.310798
0.187238
0.151266
0.127401
1.473862
1.466505
1.566946
0.353710
0.028906
0.004544
1.139239
0.007376
0.154253
0.003302
1.557018
1.084899
0.060344
0.029366
0.145907
0.993286
0.056434
0.089030
0.072726
0.061643
0.020310
0.884319
2.657991
0.992247
0.191435
0.003563
1.316576
1.563798
0.096294
1.584657
1.295359
0.064707
0.051928
0.069130
0.003790
1.731881
0.062421
0.009656
0.087724
0.117240
0.021766
0.005506
0.959298
0.022770
0.732729
0.039860
1.654926
0.374626
0.107985
0.111071
1.099757
0.129687
0.007347
0.065828
1.243485
0.013062
0.084308
0.005469
0.151925
0.116772
1.149039
0.014820
0.698353
0.326176
1.171291
0.045802
0.106950
0.012915
0.145248
0.320583
0.003826
0.008525
0.141541
0.008689
0.002849
0.230921
0.155173
0.080682
0.004658
0.297200
0.005152
0.074981
0.906150
0.663062
0.365451
0.073218
1.483900
0.406609
2.574900
0.159955
0.365581
0.054456
0.041743
0.008112
0.003895
0.127155
0.022771
0.367464
0.064075
0.040232
0.075928
0.521312
0.003892
0.068530
0.082573
1.098264
1.289948
0.049239
0.007571
0.671191
0.035256
1.390667
0.154520
0.164918
1.271433
1.468848
1.266568
0.144424
1.753986
0.138358
1.347771
0.046846
0.095730
0.009401
0.006310
0.005991
0.140429
0.036107
0.826427
1.499652
0.041348
1.462573
0.381129
0.086793
0.091818
1.406468
1.289465
1.494648
0.510642
0.011272
0.010818
1.658000
0.636179
0.007992
0.173027
0.005522
0.116900
0.008764
0.009128
0.005977
0.174916
0.082935
1.613817
0.084789
0.047338
0.086026
0.006353
0.006883
0.003641
0.079155
0.041064
0.013330
0.012675
0.008471
0.003172
0.013295
0.016581
0.040972
0.034262
1.121041
0.732927
0.004049
0.025383
0.473179
0.025853
0.019036
0.946774
0.459853
0.025604
0.702243
0.021002
0.066183
0.520618
0.086265
0.351026
0.136154
0.082573
1.539968
0.037296
1.372429
0.064211
0.005045
0.055897
0.118049
0.014937
0.154111
0.321662
0.009808
0.004541
0.057306
0.117396
1.177737
0.007755
0.005828
0.015885
0.271843
0.247002
0.071263
0.003497
0.275691
0.051908
0.941287
0.019095
0.023472
0.165975
0.034778
0.006587
0.025763
0.031837
0.007309
0.012244
0.024699
0.062498
0.026986
0.816092
0.130941
0.068609
0.012841
1.363570
0.085922
0.154591
0.421443
0.394943
0.178689
0.052641
1.563280
0.099947
1.076324
0.055701
1.500067
1.363440
0.075434
0.081533
0.005563
0.003607
1.183028
0.068494
0.003989
0.885252
0.006051
0.024155
0.016342
0.006934
0.043136
0.329885
0.005013
0.005291
0.014054
0.211180
0.038817
0.005916
0.037975
0.005981
0.006444
0.052038
0.511867
1.787150
0.178215
0.637139
0.975756
0.543189
0.963133
0.350673
1.361873
0.014233
0.092207
0.171070
0.043895
0.085988
1.409799
1.008984
1.350496
0.944981
0.006926
0.778394
0.102682
0.037295
0.092679
1.536789
0.045534
0.076455
1.494782
0.014497
0.026226
0.002481
0.009842
0.132049
0.431181
0.070602
0.007561
0.188178
1.128723
0.869664
1.334997
0.622374
0.040356
0.165706
1.063125
0.055188
0.027481
0.085487
0.243901
0.013910
1.168477
0.110272
1.109768
0.013571
1.232081
0.189661
1.290020
2.292927
1.522951
1.625464
1.176566
0.060683
0.005685
0.057790
0.723260
0.296626
0.003546
0.004047
0.032136
0.444462
0.003927
0.008387
0.006801
0.003930
0.003714
0.082969
0.005881
0.010073
0.048088
0.005155
0.003938
0.021550
0.004863
0.005433
0.004975
0.003705
0.017222
0.025594
0.007490
0.005510
0.010833
0.021273
0.007947
0.006551
0.050012
0.005738
0.006174
0.103062
0.015434
0.059456
0.056986
0.054878
0.009803
0.004002
0.005530
0.064375
0.136394
0.019745
0.088393
0.776015
0.130327
1.496702
0.139599
0.056879
1.417878
0.029935
0.006504
0.077083
1.019227
1.315884
2.042177
0.096137
0.277435
0.045029
0.060399
0.020359
1.215458
0.367389
0.086219
0.048902
0.018025
0.142870
0.427642
0.755679
0.274838
0.125758
0.033225
0.014446
0.073293
0.105873
0.075024
0.064466
0.007386
0.007384
1.933933
0.005295
0.040664
0.012498
0.010494
0.005297
0.007031
0.004473
0.022927
0.074317
0.012577
0.020911
0.851542
0.055809
0.539546
0.005081
2.224823
1.402332
0.121074
1.449477
1.541220
0.093863
0.108939
1.512192
0.081082
1.496619
0.050176
0.257771
1.353572
0.162276
0.037041
0.165381
0.344707
1.633018
0.247004
0.448454
0.004637
0.021286
0.007039
0.007472
0.008473
0.004108
0.073663
0.003881
0.027816
0.002939
0.020715
0.006617
0.026809
0.005236
0.003823
0.025807
0.003914
0.173889
0.094674
0.074275
0.315187
0.087041
1.131956
0.095732
1.478296
0.364560
0.044910
0.012343
0.009014
0.003435
0.006546
0.137488
0.209393
0.004191
0.003691
0.003953
0.007289
0.005644
1.548916
0.446407
0.015777
0.055279
0.170204
0.027072
0.045736
0.007696
0.004918
0.007175
0.048344
0.006789
0.003228
1.216964
0.143338
1.510943
0.018298
0.119254
0.154721
0.346176
0.006507
0.497385
0.073517
0.646270
0.008491
0.085198
0.130098
0.056854
0.013782
0.308022
0.141108
0.183141
0.151202
0.430929
0.119944
0.291998
0.112274
1.522641
0.029028
0.147865
0.168962
0.945419
0.043026
0.111509
1.283756
0.146174
0.099142
0.085650
1.463610
1.502668
0.170778
0.101770
0.099231
0.005584
0.007030
0.123907
2.475343
0.023003
0.008358
1.334483
0.005306
1.451778
0.077939
0.098055
0.067448
1.367966
0.141766
0.134270
0.111253
0.002626
0.164138
0.003908
0.004803
0.008532
0.007861
0.004111
0.009302
0.005134
0.058128
0.004241
0.003937
0.003863
0.007167
0.006718
0.053965
0.004358
0.005028
0.122623
0.472938
0.024645
0.038971
0.005372
0.018661
0.003502
0.007781
0.010908
0.022850
0.004169
0.207528
0.011464
0.006015
0.003880
0.012981
0.010433
0.006807
0.003963
0.006386
0.004237
0.005954
0.002520
0.001889
0.004268
0.004903
0.003822
0.243279
0.076627
0.414947
0.025167
0.210181
0.046881
0.026738
0.054470
0.096934
0.417435
0.005768
0.133419
0.043506
0.007109
0.042991
0.018497
0.199514
0.026499
0.004186
0.006399
0.002572
0.043742
0.003611
0.003538
0.004712
0.005929
0.004454
0.003460
0.003405
0.005502
0.003849
0.006548
0.004347
0.059625
0.012857
0.005667
0.003044
0.067192
0.008554
0.008074
0.021386
1.751820
0.004675
0.007668
0.006924
0.008163
0.007344
0.008667
0.074236
0.015489
0.078927
0.003160
0.055250
0.080110
1.109998
0.077983
0.942809
0.066400
0.357345
0.101196
0.272297
0.003152
0.004970
0.006214
0.036267
0.103706
0.016766
0.007138
0.558963
0.014051
0.007874
0.062625
0.038341
0.029621
0.004351
0.005002
0.020540
0.003995
0.015628
0.005179
0.004593
0.018725
0.003151
0.042579
0.006364
0.330261
0.437969
0.337288
0.007242
0.025156
0.003973
0.003672
0.023381
0.006295
0.004972
0.008699
0.005707
0.868435
0.004530
0.539893
0.257562
0.003034
0.003330
0.006022
0.007330
0.006483
0.058614
0.003475
0.020216
0.022261
0.010338
0.112105
0.002341
1.078834
0.010568
0.011041
0.004928
0.023335
0.023639
0.894058
0.968869
1.521740
1.256458
0.005677
0.001182
0.262012
0.020552
0.013102
0.004750
0.007881
0.004791
0.015792
0.004791
0.010892
0.022089
0.038363
0.003959
0.018127
0.015112
0.008402
0.003262
0.007050
0.003055
0.054641
0.118299
0.007926
0.187173
0.005031
1.366077
0.224047
1.174734
0.181796
0.005296
0.080623
0.020962
0.046675
0.474643
0.004516
0.004825
0.025921
0.075200
0.005820
0.025098
0.008505
0.004118
0.018731
0.008204
0.064091
0.064025
0.516897
0.038093
0.044974
0.005420
0.057460
0.055490
0.009043
0.887191
0.077628
0.028910
0.038677
0.004206
0.020353
0.006155
0.004194
0.003071
0.017213
0.015794
0.005663
0.005219
0.072222
0.053784
0.007365
0.066267
0.016119
0.015163
0.113680
0.004175
0.105094
0.004549
0.003480
0.006420
0.007184
0.014083
0.003962
0.008843
0.454470
0.073756
0.115596
0.004646
0.054145
0.013124
0.006013
0.007728
0.041352
0.005275
0.005941
0.032778
0.343547
0.011854
0.006153
0.013443
0.065402
0.038396
0.510827
0.016903
0.030067
0.004211
0.206026
0.006075
0.003928
0.063449
0.003756
0.004389
0.003955
0.018418
0.004189
0.003678
0.003332
0.009068
0.004881
0.005007
0.001895
1.046308
0.004224
0.015467
0.012245
0.005436
0.105582
0.003619
0.004031
0.073727
0.006011
0.010932
0.003697
0.010509
0.004374
0.066384
0.002333
0.012454
0.256255
0.088025
0.006195
0.013210
0.005307
0.014570
0.128472
0.031006
0.091776
0.006548
0.085098
0.019613
0.169241
0.005403
0.112258
0.007299
0.012411
0.027947
0.321263
0.005566
0.004618
0.004722
0.003921
0.003925
0.004303
0.005421
0.009109
0.071783
0.004048
0.004377
0.006104
0.005402
0.061211
1.779675
0.072886
1.278876
1.097742
0.006968
0.004879
0.058831
0.106703
0.460452
0.223009
1.168654
0.438715
0.004356
0.006313
0.003544
0.066094
0.071037
1.512577
0.255861
0.006980
0.312136
0.079043
0.577567
0.054664
0.093255
0.004275
0.047968
0.004234
0.359956
0.032326
0.011547
0.350901
0.011972
0.107715
0.248985
0.097961
0.045392
0.004414
2.460342
1.336883
0.015783
0.004804
1.636817
0.100309
1.473933
2.279666
0.059460
0.016941
0.003056
0.139399
0.014931
0.001687
0.005091
0.005020
0.009047
0.010100
0.089289
1.016466
0.136724
0.017071
0.514557
0.004307
0.062905
0.005819
0.016699
0.168619
0.097078
0.051891
0.367210
0.022110
0.689882
0.003691
0.023281
0.003209
0.002804
0.074945
0.225463
0.006010
0.006251
2.834509
0.009340
0.052146
1.772620
1.411663
0.114520
0.017523
0.092660
0.140787
0.957922
0.242748
0.153890
0.320742
0.075858
0.009462
0.683691
0.144849
0.204859
0.089027
1.304418
2.498513
1.430884
0.010452
0.010643
0.004679
1.209928
0.109474
0.003389
0.004730
0.024641
0.160699
0.014387
0.004482
0.060905
0.187779
0.061556
0.198075
0.100542
1.970148
0.011738
1.290432
1.390407
0.942078
0.065166
0.240073
0.347365
1.344351
0.205810
0.067652
0.780805
0.051943
0.064166
0.630134
2.867027
0.102450
0.321066
0.067877
0.272747
0.010821
0.921614
0.840559
0.071328
0.051327
3.586147
0.038770
0.004129
0.014046
0.115377
0.006575
0.003063
1.004823
0.877317
0.004062
0.037157
0.382608
0.041652
0.017235
0.606718
0.038426
0.011080
0.020206
0.011651
0.009947
0.004148
0.228488
0.019411
0.003671
0.003911
0.006978
0.019802
0.003480
0.003868
0.005047
0.003334
0.003714
0.008580
0.005475
0.002806
0.003894
0.210197
0.568732
0.004899
0.007570
0.011762
0.015907
0.005934
0.003159
0.009437
0.006841
0.141389
0.004434
0.003365
0.090269
0.008918
0.060753
0.003551
0.061982
0.079480
1.558908
0.006303
1.095246
0.008320
0.836464
2.714303
0.064247
0.049772
0.030693
0.005273
0.018813
0.037042
0.053365
0.062206
0.005854
0.003369
0.004549
0.152676
0.005550
0.005916
0.022626
0.241442
0.008474
0.091542
0.018198
0.055221
0.009491
0.013186
0.005678
0.027983
0.005154
0.005641
0.063161
0.073466
0.044054
0.007581
0.004183
0.254630
0.029223
0.005638
0.406126
0.028692
0.059182
0.054922
0.036795
0.068746
1.231462
0.092605
0.065044
0.057967
0.173204
0.017696
0.052334
0.059964
0.010249
0.014073
0.940997
0.022123
0.004312
0.005143
0.007738
0.005392
0.003200
0.019490
0.006972
0.059293
0.004747
0.059612
0.003715
0.005135
0.007810
0.077300
0.003624
0.027646
0.008216
0.006331
0.007457
0.741478
0.004043
0.066904
0.397681
0.063508
0.003213
0.027074
0.081306
0.042130
0.004041
5.876374
0.003428
0.016714
0.003414
0.005483
0.004444
0.309140
0.011591
0.003526
0.003230
0.061993
0.006468
1.136521
0.133547
0.064196
0.008374
0.017082
0.003973
0.009711
0.003572
0.003945
0.014582
0.005254
0.003425
0.005372
0.025342
0.052405
0.004945
0.665752
0.621285
0.006964
0.028482
1.025621
0.005378
0.019080
0.016064
0.005255
0.004231
0.012127
0.024228
0.004715
0.005451
0.024369
0.003809
0.004359
0.261778
0.005122
0.004135
0.003882
0.621618
0.008197
0.009188
0.005440
0.003468
0.013472
0.007260
0.011961
0.011687
0.033481
0.169627
0.953346
1.359700
1.455679
0.991761
1.112202
1.448776
0.029626
0.079024
0.184698
0.004936
0.658995
0.317519
0.225460
0.084466
1.335674
0.107718
0.051247
0.094558
0.503953
1.326019
1.228216
1.255545
0.031722
0.078904
1.501195
0.140161
0.115378
0.084132
0.048595
0.016323
0.491743
0.082936
1.466103
0.861392
1.556591
1.096234
0.210940
1.381859
0.003897
0.001229
0.003685
0.005780
0.004093
0.014724
0.028283
0.153487
0.020760
0.007888
0.006815
0.005907
0.005589
0.021042
0.297070
0.003626
0.065890
0.016717
0.055566
0.061844
0.011101
0.170678
0.183100
1.542129
0.943259
0.166286
0.088342
0.117666
0.049811
1.723077
0.045185
0.009376
0.028566
0.020270
0.003464
0.021207
0.006835
0.038111
0.131851
0.437221
0.467442
0.096568
0.120847
0.143668
0.147937
0.005629
0.154762
0.307346
0.391773
1.349788
0.756938
0.450348
0.014145
0.146828
0.134783
0.082940
0.017349
0.126023
0.080697
2.230794
0.009886
0.350601
0.026001
0.074946
0.054408
0.003544
0.467926
0.009595
0.004282
0.005204
0.124907
0.084540
0.093100
0.125603
0.060908
0.007035
0.015057
0.003925
0.094805
0.012635
0.085234
0.042399
0.013144
0.006192
0.216369
0.159782
0.009933
0.137925
0.006050
0.072871
0.297861
0.155681
1.346301
0.341799
0.100417
0.694631
0.013789
0.014584
0.299380
0.119024
0.595346
0.012377
0.347078
0.008188
0.087609
0.786968
0.041603
0.174021
0.007153
0.063484
0.366598
1.247880
0.311618
0.073872
1.423696
1.194022
1.390534
0.102782
1.363800
0.053903
1.288228
0.008575
0.006507
0.136860
1.683273
0.164167
1.288393
2.005784
1.585458
1.539911
0.003735
0.003828
0.161964
0.022150
0.003922
0.013214
0.003527
0.004343
0.010487
0.007464
0.001979
0.003497
0.003417
0.003994
0.003295
0.004952
0.010103
0.014328
0.032523
0.052992
0.005225
0.059844
0.057962
0.010802
0.037510
0.099314
0.093464
0.019015
0.006037
0.003761
0.009780
0.012151
0.003800
0.006961
0.015406
0.047126
0.023858
0.003792
0.004092
0.044419
0.003832
0.096013
0.004450
0.003982
0.012514
0.004266
0.003521
0.021169
0.023097
0.075838
0.942506
0.006006
0.052653
1.051960
0.050842
0.139544
0.108202
0.851904
0.008947
0.131698
0.061034
0.033509
0.009577
0.044435
0.008175
0.054801
0.216652
0.105466
0.023819
0.011845
0.232791
0.642766
1.967323
0.004636
0.004210
0.004506
1.328007
0.089337
0.006693
0.020142
0.013408
0.199834
1.290236
0.063174
1.526030
0.048481
0.039280
0.055887
0.167136
0.048010
0.045759
0.138077
0.361208
1.331901
1.556277
0.178714
0.019277
0.033615
0.183563
1.003070
0.003714
0.026306
0.010683
0.114437
1.376561
0.002764
0.004238
0.011283
0.041285
0.031428
0.163330
0.086931
0.042315
0.012267
2.664543
0.006950
0.688806
0.295228
0.007567
0.075405
0.074900
0.648671
0.008181
0.027826
0.013466
0.578316
0.030465
0.339446
0.047401
0.120698
0.007380
0.054696
0.085957
0.006252
0.501678
0.010775
0.006173
0.004570
0.005411
0.018467
0.021510
0.005944
0.004332
0.016142
0.008947
0.003971
0.004738
0.005325
0.003527
0.008925
0.006525
0.003536
0.004957
0.011801
0.004913
0.021139
0.747956
0.005479
0.006075
0.029399
0.005716
0.004379
0.006470
0.005361
0.005518
0.003366
0.053861
0.004678
0.054895
0.005297
0.005302
0.063219
0.006400
0.006386
0.003866
0.080666
0.012531
0.006318
0.010410
0.005028
0.023753
0.007429
0.078323
0.262399
0.004440
0.116961
0.005643
0.004026
1.507341
0.067406
0.349446
0.037563
0.127449
1.093654
0.045772
0.359373
0.087054
0.104233
0.170376
0.112929
1.878806
0.337516
1.547010
0.171152
0.397697
1.402759
0.021253
1.500934
1.160286
0.081703
0.305607
0.013277
1.299983
0.100074
0.092449
0.204745
0.009899
0.061257
1.029224
0.287764
0.070425
0.178879
0.062242
0.009514
0.007370
0.701269
0.318533
0.008538
0.009246
0.003040
0.012332
0.013795
0.022566
0.104093
0.375806
0.117243
0.028284
0.288355
1.292805
0.045700
0.099116
0.104230
0.148310
1.303347
1.291473
1.121988
0.005189
0.014907
0.005249
0.029196
0.015549
1.162587
0.017583
0.064459
0.418602
0.064789
0.089080
0.318672
0.008386
0.067298
0.003609
0.038348
0.108133
0.014837
0.002581
0.463422
0.006529
0.004343
0.013214
0.173686
0.031952
0.065880
0.245298
2.444369
0.055270
0.343700
0.150251
0.176203
1.346797
0.005658
1.544168
0.143020
1.474761
1.393482
0.453506
1.377602
1.560303
0.489006
1.543958
0.084339
0.704844
0.004045
0.039749
0.043623
0.884857
0.004254
0.003861
0.003217
0.010165
0.005654
0.003420
0.015129
0.014204
0.008792
0.015645
0.004071
0.007859
0.013865
0.015474
0.003774
0.017716
0.004293
0.003096
0.006344
0.043430
0.379245
0.383533
0.010300
0.005285
0.061203
0.075614
0.025573
0.014690
0.014811
0.421319
0.344495
0.012283
0.053346
0.007045
0.834352
0.020929
0.011793
0.183425
0.007162
0.046293
0.183204
0.049233
0.340754
0.003722
0.007006
0.004087
0.046191
0.064095
0.679225
0.042805
0.056618
0.550089
0.522573
0.004253
0.143622
0.084272
0.091850
0.080605
0.098674
1.134270
0.014340
0.004534
0.009484
0.007042
0.471827
1.041263
0.030352
0.757337
0.077929
1.407726
0.062643
0.086156
0.150784
0.005845
0.771171
0.101812
0.003415
0.036763
0.066829
1.284126
1.111717
1.450820
0.145064
0.943751
1.126788
1.595966
0.079633
1.598338
0.260395
0.176047
1.472460
0.060606
0.166108
1.281725
0.218208
0.129775
0.320243
0.420695
0.071452
1.414349
0.114544
0.041375
1.508411
0.142473
2.254569
1.123939
2.504493
0.044380
0.182567
1.453518
0.711040
1.633147
0.004969
0.014383
0.003247
0.146454
0.039410
0.109177
0.062321
0.689601
0.143341
0.209846
0.182009
0.077152
0.011452
0.037216
0.026828
0.078093
0.027381
0.005063
0.361284
0.084016
0.866529
0.137695
0.087011
0.004626
0.154792
0.604640
0.164203
0.072650
0.070439
1.317192
0.229976
0.007944
0.005987
0.017820
0.005205
0.023535
0.005368
0.006878
0.111623
0.004053
0.006319
0.130693
0.036518
0.309466
0.204193
0.383916
0.132065
0.029205
0.620908
0.102254
1.359776
0.112080
0.564888
1.469871
1.084848
0.013447
0.148874
0.057507
0.003718
0.059068
0.005673
0.218633
0.003785
0.004154
0.004113
0.004068
0.858946
0.006533
0.061775
0.005434
0.004532
0.020002
0.011168
0.008185
0.003811
0.004475
0.009703
0.001623
0.027331
0.005974
0.130250
1.459439
0.189014
0.182950
0.387320
0.689845
1.631508
1.251882
1.545767
0.163319
0.036377
1.062617
0.079594
0.163980
1.589111
1.466502
0.006843
1.027888
0.009208
0.007701
0.041209
0.003793
0.005047
0.005471
0.003674
0.003842
0.003626
0.006206
0.004432
0.003278
2.359157
0.006291
0.004781
0.014158
0.003703
0.004170
0.002746
0.007794
0.003643
0.008328
0.090505
0.012530
0.140987
0.114954
0.209904
0.009784
1.051066
0.033996
0.193161
0.064672
0.023987
1.505969
0.161713
0.014285
0.142513
0.053404
0.148451
1.352065
1.391881
1.389942
0.076748
1.500923
0.128289
0.019777
0.161388
2.260894
0.070012
0.057483
0.010592
0.209826
0.123019
0.004799
0.150423
0.009119
0.499596
0.281073
0.118848
0.073535
0.182292
0.045071
0.122627
1.632954
0.099560
0.007060
0.211451
0.110063
0.335198
0.003319
1.943456
0.007002
0.024259
0.014070
0.007787
0.008302
0.147891
0.313450
0.574256
0.987383
0.163351
1.400635
1.433164
0.063439
1.354356
0.711236
0.096696
0.014519
0.003814
0.017560
0.120231
1.587312
0.005574
0.087645
0.217587
0.004978
0.007223
0.129290
0.005150
0.003789
0.003825
0.005146
0.124925
0.014095
0.420140
0.007927
0.004270
0.003633
0.031665
0.021092
0.006781
0.005485
0.008756
0.008751
0.094603
1.242496
1.435392
1.435684
0.044862
1.494418
1.390648
0.004615
1.267732
1.525671
1.070761
0.680003
0.120922
0.169898
0.155097
1.237552
0.393866
0.141863
0.005776
0.054119
0.049260
1.154900
0.054062
0.169151
2.014270
0.149011
0.664572
0.316003
0.004990
0.006348
0.078861
0.028922
0.079200
0.114971
1.351093
1.431331
0.002534
0.107272
0.018152
0.023063
0.004429
1.510308
0.049411
0.409349
0.020675
0.003215
0.004720
0.023427
0.014383
0.193736
0.036909
0.012178
0.877964
0.959861
0.019398
0.242007
0.103222
0.506786
1.130648
0.087780
1.554372
1.527220
0.205366
0.042093
0.017614
0.205304
0.150315
0.012893
0.155237
0.004016
0.134397
0.006775
0.017105
0.046758
0.007222
0.018972
0.061968
0.008066
0.014023
0.013908
0.061236
0.705862
0.316957
0.086985
0.770397
0.470756
0.548610
0.003855
0.005660
0.003878
0.006732
0.004745
0.085863
0.005461
0.028269
0.011131
0.926982
0.089580
0.249512
0.158080
1.608738
1.894049
1.385074
0.005635
0.160714
1.208614
0.004875
1.030232
1.289938
0.928448
0.139046
0.295548
1.352608
0.970097
0.046334
0.189137
0.535537
0.131098
1.511760
0.117813
0.190962
0.024229
1.324741
1.452333
1.500831
1.015504
1.467821
1.145109
0.473504
0.079000
1.522775
0.385638
0.025880
0.561478
0.019174
0.051958
0.009730
0.024432
0.065071
0.005448
0.623447
0.811409
0.097449
0.005777
0.075050
0.065684
0.475994
0.008294
0.044545
0.111345
0.014659
0.015831
0.063493
0.006352
0.191107
0.319700
0.083265
0.079987
0.014118
0.016302
0.031756
0.069575
0.925180
0.015312
0.033878
0.071404
0.247722
0.441769
0.045260
0.037373
0.005265
0.005098
0.005884
0.004759
0.292517
0.005389
0.309063
0.007468
0.013629
0.445116
1.409204
0.049632
0.039067
0.193141
1.371143
0.004362
0.157707
0.008574
0.028670
0.008062
0.261055
0.165425
0.005976
0.006884
0.069842
5.229048
0.008937
2.013983
1.072480
0.004024
0.017751
0.057812
0.036978
0.005259
0.040490
0.024403
0.007940
0.003995
0.003445
0.006573
0.004845
0.005205
0.038023
0.188978
0.035515
0.116801
0.057928
1.184454
0.063292
0.453194
0.022790
0.144848
0.005026
0.089844
0.006205
0.847118
0.318261
0.110903
0.040756
0.068647
0.294967
0.119261
0.118341
0.828692
0.090599
1.200800
0.314452
1.225093
0.008747
1.604337
1.614607
1.375981
2.295165
1.423975
0.085498
0.008592
0.107307
0.387698
0.255399
1.181837
1.033528
0.644613
0.560849
0.004836
0.004282
0.003544
0.017144
0.024213
0.013179
0.061261
0.022397
0.008478
0.003965
0.007417
0.003766
0.004770
0.009600
0.006606
0.014983
0.090906
0.005812
0.004014
0.009012
0.014752
0.011028
0.003221
0.015485
0.006203
0.007281
0.005350
0.002528
0.002394
0.053853
0.003667
0.022007
0.003386
0.003891
0.003694
0.003965
0.004582
0.002669
0.005417
0.006745
0.005893
0.006182
0.280709
0.006674
0.028298
0.013423
0.014247
0.324337
0.114442
0.004079
0.291143
0.020855
0.019007
0.006251
0.052988
0.054752
0.008521
0.019941
0.005542
0.181120
0.065729
0.003789
0.006073
0.035847
0.551956
0.085031
0.283835
0.008676
0.029064
0.005633
0.009334
0.074475
0.024936
0.007937
0.004415
0.065080
0.004459
0.005805
0.004551
0.003600
0.005101
0.012284
0.055148
0.017297
0.005987
0.082326
0.013901
0.003316
0.006143
0.043546
0.004766
0.024469
0.067146
0.025784
0.004057
0.004409
0.003452
0.004693
0.004929
0.006971
0.004211
0.008788
0.940628
0.013488
0.004489
0.005391
0.015709
0.005248
0.012012
0.412509
0.003553
0.005641
0.004635
0.001304
0.004337
0.004896
0.014612
0.005127
0.005524
0.004566
0.002512
0.014183
0.009465
0.029199
0.007146
0.255092
0.006204
0.961031
0.018484
0.010288
0.375094
0.924309
0.059414
0.010357
0.023988
0.006679
0.007566
0.005050
0.006441
1.017312
0.026189
0.081638
1.069416
0.139686
0.139045
0.062325
1.390243
0.164356
0.027508
1.507580
1.464454
0.112176
0.060011
0.828063
0.126863
0.363456
0.164187
0.194313
0.012741
0.006473
0.003503
0.004502
0.273389
0.063279
0.258103
0.108933
0.008291
0.004598
0.006876
0.748198
0.004546
0.004959
0.262353
0.109918
0.086749
0.007106
0.050301
0.028737
0.015507
0.399451
0.078058
0.003309
0.015184
0.007490
0.038612
0.005376
0.007372
0.052501
0.005994
0.017616
0.198008
0.004090
0.004292
0.005729
0.064018
0.004234
0.008003
0.035623
0.008855
0.005432
0.004707
0.006282
0.004970
0.005158
0.052708
0.009784
0.008657
0.373633
0.077985
0.036015
0.814487
0.014772
0.013900
1.058286
0.929043
0.007706
0.003861
7.048191
0.439352
0.026580
0.005086
0.003353
0.004127
0.010747
0.006688
0.008629
0.004072
0.003760
0.005894
0.007140
0.004111
0.003639
0.003643
0.004938
0.010467
0.004782
0.006489
0.006835
0.089665
0.191369
0.229922
0.010663
0.288468
0.020583
0.048979
0.006826
0.113015
0.208977
0.234505
0.055028
0.035258
0.412760
0.007345
1.084607
0.004434
0.130020
0.050454
0.568948
0.021358
0.006255
0.007465
0.011483
0.025799
0.006171
1.601511
0.004502
0.195923
0.029139
0.016219
0.004632
0.010773
0.003380
0.006016
0.107457
0.086861
0.019986
0.004213
0.067793
0.076264
0.012986
0.140519
0.096098
0.176197
0.780533
1.171843
0.084637
0.084642
1.079780
0.150564
0.201247
0.421527
2.364061
0.011764
0.053511
0.058835
0.058692
1.427891
0.062918
0.004729
0.003680
0.004322
0.007943
0.168248
1.315739
1.417004
0.068301
1.319995
1.569497
1.367767
1.438694
1.294463
0.010429
0.016124
0.133555
1.509183
1.336973
0.353904
1.540200
0.150837
2.171263
0.081776
1.499334
0.080763
0.004699
0.003886
0.012408
0.152086
0.015669
0.004041
0.008219
0.003916
0.004086
0.009195
0.032588
0.002840
0.005774
0.128607
0.030283
0.006807
0.053750
0.162605
0.440420
0.003869
0.003788
0.346251
0.084425
1.382891
1.265835
1.396410
1.178447
0.301622
1.019649
0.243103
1.074154
0.025473
0.029732
0.422456
0.634309
0.056596
0.058997
0.051526
0.012742
0.021366
0.066938
0.011409
0.401796
0.194461
0.336592
0.002069
0.652123
0.502918
0.580994
0.516278
0.012084
0.080092
0.013829
0.024851
0.014904
0.012744
0.152625
1.048726
1.166619
0.011758
1.107817
1.311950
0.257375
1.327135
0.960254
0.019458
0.037729
0.012232
0.042903
0.045699
0.411533
1.001841
0.005677
0.321001
0.934426
0.181139
0.316808
0.039898
0.020949
2.520273
0.057206
0.030064
1.095498
1.550274
0.003031
0.008396
0.162177
0.148511
0.019022
0.097952
0.004525
0.838361
0.448019
0.066121
0.004449
0.005392
0.006309
0.220249
1.246424
0.153836
1.105519
0.271706
1.237589
0.159570
1.460441
0.003767
0.006423
0.002956
0.003417
0.003414
0.005385
0.062089
0.073415
0.005200
0.036433
0.003710
0.003701
0.006764
0.003706
0.005688
0.009088
0.206144
0.831858
1.192971
1.275236
1.342220
1.447899
0.072366
1.007753
0.016110
0.133181
0.071496
0.182301
1.436867
0.012537
0.186571
0.190737
0.039653
0.131020
0.056727
0.005048
0.007964
0.090662
0.006023
0.059262
0.003770
0.006976
0.002779
0.007047
0.003489
0.002992
0.011804
0.003486
0.004356
0.006937
0.119206
0.034378
0.005880
1.576169
1.111677
1.492145
0.408498
0.197674
1.441844
0.179227
0.128333
1.392513
1.349033
1.511348
1.563797
0.003848
0.007139
0.013358
0.003863
0.005715
0.007820
0.052809
0.043751
0.003716
0.004667
0.005339
0.188077
0.003818
0.004730
0.005664
0.007585
0.053872
0.122153
0.017310
0.057672
0.013581
0.011444
0.005155
0.010760
0.076572
0.678229
0.028920
0.024159
0.050874
0.004231
0.071356
0.714961
0.003902
0.004846
0.011507
0.139257
0.008634
0.163799
0.003910
0.006462
0.005888
0.003862
0.005828
0.009417
0.005123
0.004492
0.019345
0.087931
0.027888
0.015724
0.003767
0.014024
0.003537
0.026369
0.003398
0.011449
0.007982
0.006209
0.037326
0.002500
0.005255
0.189800
2.086204
1.257390
1.422747
1.499855
0.116183
0.099337
1.311862
0.138812
1.286790
1.398718
1.483958
1.533998
0.008165
0.007236
0.063960
0.836590
0.129311
0.044039
0.373924
1.471200
1.246420
1.360360
0.051973
0.118163
0.062981
0.010877
0.022764
0.041910
0.115608
0.004404
0.061137
0.029930
0.018950
0.037412
0.005040
0.010021
0.005785
0.018872
0.041309
0.031118
0.029012
0.007846
0.004449
0.343681
0.013316
0.006778
0.001674
0.003650
0.003583
0.008614
0.010095
0.102919
0.139004
0.708566
0.086013
0.193170
0.129290
0.063678
0.174617
0.326481
0.118081
0.105876
0.258875
1.196779
1.221623
0.536680
1.423034
0.005169
0.012847
0.630211
0.362702
0.040053
0.944510
0.151848
1.209020
0.439529
0.005480
0.040710
1.317288
1.156082
0.083566
0.076065
0.019473
1.301494
0.043579
0.009219
0.005940
0.320861
0.131665
0.035739
0.320289
1.018281
0.043342
0.004845
0.072786
0.034254
0.046612
0.024078
0.058608
0.004859
0.009763
0.599037
0.136132
0.002950
0.108312
0.363751
0.020428
0.004047
0.004969
0.104087
0.052282
0.030813
0.004034
0.014471
0.003791
0.058243
0.070812
0.041399
0.356859
0.144760
0.208141
0.403573
0.004152
0.094838
0.046259
0.022300
0.661751
0.508567
0.074628
0.070720
0.003972
0.014758
0.024499
0.017429
0.049166
0.015983
0.006177
0.006363
0.003797
0.007372
0.015487
0.014225
0.075675
0.168613
0.116107
0.112104
0.005099
0.004245
0.004997
0.086310
0.004497
0.004230
0.003779
0.006197
0.010947
0.016154
0.004334
0.006586
0.005850
0.004520
0.003895
0.005495
0.004298
0.003894
0.007208
0.093484
1.025529
0.008651
0.023214
0.010006
0.005923
0.046101
0.061568
1.412451
0.054367
0.152566
0.128104
0.060036
1.524229
0.018072
0.229338
0.025969
0.339955
0.012599
0.044841
0.118018
1.127723
0.059091
0.469258
0.053068
0.067506
0.081983
0.433620
0.002616
0.057482
0.006882
0.044592
0.309660
0.004227
0.007681
0.122596
0.990019
0.113873
0.043089
0.014331
0.926556
0.156516
0.086863
0.054962
0.014199
0.039404
0.005633
0.003443
0.448236
0.004248
0.036412
0.161978
0.013046
0.003440
0.021288
0.014767
0.004143
0.018975
0.004178
0.003918
0.003285
0.005592
0.004093
0.004141
0.008106
0.248810
1.553688
0.009387
0.003375
0.043548
0.008228
0.785769
1.307974
0.085657
0.104706
0.106185
0.003828
0.004068
0.226515
1.563372
0.525860
0.084887
0.357924
0.090437
0.090642
0.577328
0.132258
0.005429
0.260740
0.039816
0.034043
0.004037
0.004167
0.086085
1.139600
0.003864
0.019279
0.318930
0.006122
0.049185
0.007952
0.004029
0.004617
0.064144
0.022854
0.004774
0.018611
0.006656
0.007758
0.134828
0.012959
0.001842
0.062016
0.011073
0.006270
0.004646
0.016267
0.005138
0.294691
0.041296
0.004180
0.005083
0.003821
0.030763
0.004434
0.004002
0.013691
0.028005
1.522065
0.033519
1.510894
0.084349
0.003515
1.154992
0.005930
0.032839
1.398736
0.041424
0.002940
2.470186
0.700344
0.004288
1.205731
0.088643
0.079614
0.067298
0.191722
0.198818
1.450770
0.012022
0.003855
0.010223
0.016880
0.006140
0.004124
0.006260
0.012053
0.002909
0.004210
0.003511
0.003465
0.132883
0.003651
0.019509
0.015968
0.132618
0.007466
0.003665
0.004569
0.011482
17.75771
0.015123
0.384849
0.006725
0.009292
0.139744
0.433540
0.055682
0.111111
0.038408
0.067929
0.092168
0.771062
0.056171
0.007862
0.065227
0.005029
0.049322
0.021870
0.231375
0.004479
0.401250
0.974012
0.412467
1.358150
0.021029
0.065239
0.004133
0.140301
0.004580
0.004337
0.111073
0.072004
0.059661
0.005188
0.004596
0.007903
0.008555
0.052277
0.026826
0.008131
0.493671
0.022107
0.090706
0.016165
0.118539
1.438088
0.005205
0.218763
0.099125
0.025040
0.065883
0.074564
0.184936
1.582787
0.064432
0.081707
1.176840
0.210242
0.005691
0.006898
0.052430
1.360325
0.101687
0.008691
0.258486
0.078487
1.312652
1.204457
1.534759
0.094116
0.318776
1.604788
0.134282
1.283289
0.091891
1.465793
0.006012
1.254234
0.765600
0.264520
0.180113
0.011074
0.057277
5.156668
1.261623
0.051941
0.049207
1.514659
0.543204
0.004961
0.082717
0.318750
0.134343
0.008578
0.091067
0.043201
1.312681
0.099536
0.005768
0.062783
0.397843
0.006252
0.012515
0.486605
1.869574
0.087711
0.055329
0.010700
0.147629
0.406370
1.516848
0.286851
0.110087
0.004832
0.005393
0.007836
0.014993
0.008952
0.003562
0.012703
0.077133
0.005501
0.391063
1.296830
0.171202
0.073667
0.049470
1.253423
0.047506
0.490603
1.204857
0.412883
0.053496
0.005177
0.003429
0.005161
0.003997
0.155221
0.213172
1.215978
0.060276
0.004662
0.084188
1.685693
0.164775
0.100575
0.421840
0.153790
0.281492
1.334662
0.018471
0.160658
0.144528
0.202739
0.159820
1.209490
0.112807
0.005344
1.089163
1.030477
1.499426
1.341680
1.320741
1.180759
0.006732
0.054875
0.218227
0.053869
0.188713
0.232397
0.101091
1.395154
1.649047
1.159889
1.955728
0.158835
0.168233
0.502874
0.065148
1.003742
0.178707
1.527120
0.365090
23.00890
0.080638
0.006616
0.056679
0.093935
0.056931
0.172223
0.046770
0.003811
0.005857
0.010028
0.112799
0.076569
0.810765
0.004922
0.183526
0.003139
1.544283
0.183153
0.017274
0.137234
0.005016
0.730857
0.421561
0.034787
0.045343
0.205381
0.301530
0.014038
0.348232
0.075100
0.018582
0.106416
0.065696
0.007842
0.343843
0.059405
0.022351
0.124223
0.389236
0.004458
0.006379
0.952284
0.077127
1.501589
0.105983
0.129019
0.095955
0.059746
0.175748
0.084711
0.081078
0.904546
0.006812
0.097541
0.003615
0.004374
0.004744
0.072927
0.083382
0.192169
0.248223
0.023902
0.003983
0.008211
1.450676
1.086078
0.229077
0.299300
0.050405
0.342514
0.015730
0.017471
0.932205
0.020154
0.362695
0.006541
0.021546
0.801699
0.276138
0.004467
0.013268
0.003017
0.085685
0.007144
0.004549
0.007715
0.035206
0.071797
0.004374
0.004127
0.162943
0.273731
0.036177
0.004026
1.798507
0.005506
0.007048
0.014920
0.015648
0.004264
0.928032
0.003940
0.101600
0.013576
0.005684
0.175518
0.021036
0.035331
0.004381
0.008125
0.004569
0.006947
0.007783
0.004241
0.008656
0.004163
0.019757
0.003637
0.089813
0.093132
0.008975
0.637358
2.272025
1.198811
0.998167
0.761976
1.535658
1.463855
0.179447
0.013059
0.137200
0.121479
0.063442
0.532292
0.025500
1.626697
0.043774
1.140558
0.417709
0.242195
0.006947
0.028589
0.004179
0.022615
0.011060
0.003591
0.015703
0.132780
1.203530
0.002580
0.252826
2.930071
0.070453
0.006135
0.004397
0.041933
0.004378
0.222852
0.008108
0.018444
0.003605
0.005390
0.006007
0.002525
0.005347
0.066379
0.313711
0.013533
0.067010
0.003760
2.166421
1.510420
0.004306
1.513879
0.028902
6.246909
0.060856
0.010714
0.012359
0.040475
0.033186
0.020782
0.013314
0.023172
0.395619
0.539170
0.334906
0.104447
0.072924
1.315264
0.142351
0.127196
0.066259
1.406082
0.090526
0.379237
0.004572
0.636270
0.051493
0.067515
0.042683
0.158770
1.003659
0.005406
0.059733
0.297449
0.184211
0.004503
0.056589
0.005334
0.003697
0.003623
0.008074
0.126279
0.008416
0.004689
0.005731
0.004586
0.006779
0.008172
0.071495
1.477043
0.052379
0.099314
0.379956
0.049685
0.009144
0.777157
1.301035
1.181541
0.184332
0.158512
0.456701
1.234400
0.018013
1.299302
0.398570
0.921918
0.309951
1.131834
1.119974
0.015957
0.141766
0.962405
1.506254
0.093456
1.699616
0.100142
1.474632
1.043787
0.141956
1.136046
1.327236
0.104975
0.004590
0.006941
1.190725
0.091476
0.297608
1.087512
0.038762
0.016631
0.481990
0.128552
0.280374
0.005284
0.788980
0.014235
0.259210
0.030865
0.136687
0.011566
0.339107
0.110382
0.024736
1.662923
1.383015
0.099281
0.217982
0.060947
0.038680
0.094423
0.006342
0.717005
0.005222
0.008270
0.254055
0.369106
0.041785
0.062131
0.056635
0.013809
0.056828
0.002740
0.064797
0.089654
0.004961
0.010865
0.043412
0.005436
0.006991
0.054614
1.601657
0.089765
0.005202
0.054331
0.078708
0.010722
0.252754
1.460306
0.004222
0.006166
0.104372
0.896547
0.442917
0.664612
0.001343
0.008672
0.143377
0.127733
1.028077
0.013416
0.004731
0.086282
0.118340
0.318930
1.361460
1.154900
1.166599
0.242276
0.823489
0.209320
0.109501
0.129690
0.155563
1.036545
1.450284
1.577781
0.006627
0.019617
0.016249
0.031292
0.060276
0.007589
0.057032
0.008180
0.057721
1.683828
0.003946
0.036460
0.105240
0.158045
0.071988
0.180836
0.061941
0.004638
0.027306
0.012744
0.012989
0.006810
0.461369
0.005765
0.033982
0.090808
0.008788
0.006895
0.249686
0.004255
1.411395
0.039442
0.010510
0.006909
0.035678
0.008708
0.004875
0.060461
0.006414
0.070891
0.013964
0.013767
0.558431
0.017178
0.027423
0.011856
0.047063
0.203102
0.862182
1.049549
0.089154
0.140911
1.075723
1.275463
0.135803
1.397298
0.115613
0.010720
1.476127
0.022788
0.006320
0.145278
1.202788
0.007341
0.019888
0.060023
0.012953
0.345354
0.130827
0.003734
0.006301
0.545061
0.004870
0.216639
0.013399
0.003965
0.043846
1.194937
0.019485
0.022455
0.124956
0.072674
0.108612
0.057052
0.004878
0.216694
0.082169
0.267155
0.012883
1.369359
1.013907
0.122410
0.928119
0.018500
0.005405
0.004238
5.814431
0.108190
0.058271
0.121424
0.121140
0.421085
0.056736
0.036971
0.510298
0.185621
0.016466
0.124115
0.058079
0.165011
0.033577
0.023494
0.005023
0.048774
0.105902
0.018106
0.052149
0.004677
0.026846
0.026159
0.005516
0.005404
0.005785
0.004610
0.856798
0.032499
0.005950
0.137269
0.064527
0.904516
0.087053
0.013140
0.092003
0.007916
0.103037
0.047309
0.001236
0.040482
0.057428
0.008406
0.008101
0.031008
0.877259
0.085318
0.007655
0.008449
0.004660
0.012113
0.008886
0.008069
0.022776
0.014067
0.003795
0.004208
0.923337
0.027678
0.040081
0.005256
0.006739
0.006133
0.013971
0.014635
0.004637
0.010419
0.022782
0.048951
0.069756
0.012484
0.005535
0.006314
0.003980
0.003601
0.005599
0.006987
0.003770
0.007026
0.008184
0.008954
0.056845
0.003568
0.006713
8.595127
0.010967
0.004438
0.006679
0.005498
1.859300
0.009230
0.958559
1.022814
0.007813
0.208573
0.128999
0.307787
1.029203
0.046079
1.351284
1.363315
0.200217
0.065901
0.106607
0.019082
0.085199
0.034728
0.019484
0.163340
1.480323
0.889516
1.628905
0.152911
2.216162
0.363674
0.063383
0.891609
2.144404
1.309553
0.008657
1.072790
0.190015
0.420445
0.028822
0.008662
2.350197
0.006107
0.061721
0.623444
0.007369
0.065960
1.540782
1.274201
0.022734
0.172956
1.266496
0.130948
0.050478
0.065589
0.174096
0.084366
0.040731
0.068980
0.010865
0.105085
0.147967
0.850549
0.097367
0.617478
0.294698
0.044242
0.051362
0.411086
0.004849
0.078854
0.015052
0.005231
0.004660
0.003010
0.229758
0.028124
0.206290
0.482988
0.020913
0.014002
0.022052
0.005628
0.055402
0.004284
0.012976
0.053476
0.057459
0.005135
0.068483
0.325460
0.078022
0.006081
0.003940
0.030201
0.005484
0.004669
0.012986
0.003088
0.016062
0.036434
0.019723
0.005176
0.003552
1.667749
0.013099
0.252093
0.005518
0.126451
0.033196
0.049139
0.005332
0.007101
0.015566
0.055587
1.668516
0.023384
0.096815
0.115496
1.218639
0.186881
0.002843
0.035352
0.999937
0.125470
0.008137
0.020762
0.047490
0.056542
0.093824
0.051460
0.039217
1.335192
0.024335
0.011121
0.004923
0.004812
0.005535
0.005981
0.007762
0.003620
0.004426
0.005206
0.006479
0.316113
0.057067
0.003354
0.310894
0.077466
0.608046
0.022737
0.005621
0.092141
0.049688
0.009438
0.749375
0.005249
0.003725
0.035941
0.014791
0.005431
0.005731
0.003792
0.004607
0.003591
0.016886
0.063987
0.004465
0.139631
0.003912
0.009494
0.033684
0.018055
0.005384
0.056711
0.009368
1.608103
0.004670
0.085440
0.006675
0.205318
0.376656
0.084333
0.162551
0.093444
0.012908
0.004035
0.076869
0.004385
0.004354
0.004619
0.012972
0.023328
0.005213
0.005241
0.004265
0.048068
0.078520
0.010099
0.004495
0.026376
0.004397
0.091879
0.004680
0.016233
0.603864
0.003670
0.101397
0.008711
0.017326
0.019177
0.003050
0.004275
0.004234
0.003829
0.068814
0.028133
0.090118
0.006001
0.003452
1.627240
0.235226
1.252704
0.028858
0.103091
0.032040
1.664461
0.010698
0.837745
0.180527
1.021473
0.087321
0.256818
0.011428
0.065039
0.018732
0.005334
0.047934
0.005159
0.702134
0.095576
0.384922
0.185163
0.926718
0.006756
1.097411
0.004644
0.013562
0.319020
0.512132
0.004333
0.592137
0.009423
0.029056
0.106111
0.097301
1.594604
0.139231
0.092071
0.007195
1.273246
0.680915
0.008356
0.085878
0.036316
0.027513
0.109777
0.049791
0.150709
0.190101
0.004010
0.119476
0.055889
0.017994
0.705074
0.032772
0.083932
0.036749
0.032405
0.005248
0.060267
0.382666
0.929844
0.048836
0.008679
0.247990
1.477666
1.279653
1.980967
2.326830
1.112805
0.088614
0.963036
0.059568
0.933481
0.104159
0.086173
0.006350
0.034948
0.796578
0.123253
0.088972
0.772354
1.508465
0.007690
0.071266
0.004476
0.033811
0.033024
0.056595
0.006440
0.002881
0.012206
0.003943
0.005302
0.003441
0.012655
0.003839
0.004017
0.004254
0.073917
0.010327
0.004364
0.118189
0.042175
0.145439
0.010105
0.026312
0.005351
0.031510
0.431516
0.006176
0.007110
0.018569
0.037356
0.063961
0.029948
0.017405
0.034465
0.014544
0.141748
0.007714
0.003682
0.005733
0.031465
1.993094
0.004192
0.002853
0.088478
0.007485
0.012409
0.003490
0.003346
0.007302
0.003752
0.004552
0.003426
0.004869
0.004565
0.165813
1.408586
1.099247
0.709454
0.942034
0.145727
0.319703
2.082022
0.017764
0.562105
0.014911
0.291446
0.151783
0.077088
0.192281
0.063240
0.161703
0.017220
1.602160
0.008758
0.045380
0.052910
0.015893
0.005523
0.061293
0.011932
0.985578
0.011008
0.014070
1.045949
0.004887
0.012219
0.015146
0.063290
0.005569
0.338480
0.016496
0.004525
0.137862
0.004716
0.715299
0.013653
0.312060
0.151533
0.516620
2.008732
0.216274
0.460152
0.014382
0.082916
0.041607
0.261975
0.084803
0.869623
0.077937
0.259327
0.049835
1.234591
0.027060
0.339584
0.111226
0.476088
0.531029
0.119632
0.067185
0.024182
0.075428
0.070212
0.205541
0.004333
0.006577
0.012767
0.013972
0.006731
0.879413
0.008449
0.004898
1.600895
0.825469
1.528433
0.073479
0.137967
0.866083
0.106899
2.298395
1.378129
1.207338
1.526106
1.259231
1.444362
1.615695
0.035007
0.817175
0.115401
0.996441
0.049302
0.005650
0.401826
0.007569
0.553154
0.137326
0.004762
0.230667
0.012524
1.152208
1.395532
0.087765
0.011816
0.099227
0.209362
0.012184
0.006755
0.055292
0.213765
0.008407
1.281730
0.027813
0.051189
0.315425
0.020199
0.060450
0.022043
0.022138
0.004997
0.003753
0.003954
0.002962
0.003679
0.002393
0.002492
0.068664
0.005758
0.117746
0.068879
0.003695
0.675171
0.003568
0.003837
0.003744
0.026089
0.006704
0.336301
0.034783
0.007158
0.003660
1.537917
0.003507
0.011469
0.003520
0.005623
0.003487
0.025801
0.005759
0.006279
0.288147
0.040242
0.449394
0.004360
0.003636
0.004210
0.163167
0.010797
0.003264
0.010483
0.005325
0.004730
0.003490
0.007108
0.004904
0.005579
1.383983
0.169650
0.080724
0.271608
0.019622
0.032537
1.365637
1.262085
0.184235
0.089787
0.328387
0.128497
0.044947
0.042444
0.099989
0.004176
0.071218
0.074306
0.008358
0.875385
0.381586
0.023358
0.679344
0.081661
0.011092
1.951487
0.005684
0.017547
0.068302
0.007964
1.413038
1.526215
0.038861
2.207738
0.073727
0.241750
1.281430
0.069468
0.395647
1.488427
0.010757
1.181315
0.283297
0.070167
0.006247
0.006126
0.001966
0.023383
0.326415
1.089860
0.343449
0.044631
0.038652
0.292719
0.012432
1.531371
1.006650
0.010451
0.088228
0.014374
1.271973
0.089017
0.799761
1.308638
0.190195
1.456637
1.318597
0.550253
0.074136
0.079978
0.075925
0.235379
0.150927
1.584901
0.912682
1.103142
0.011780
0.006316
0.004287
0.013234
0.003525
0.004605
0.005484
0.002955
0.004591
0.013020
0.005246
0.006839
0.019355
0.004398
0.017202
0.003726
0.007368
0.003525
0.006219
0.004067
0.007015
0.003802
0.003322
0.003848
0.004430
0.097771
0.003560
0.007242
0.003315
0.003957
0.022555
0.004461
0.007598
0.004338
0.007140
0.029497
0.039802
0.118325
0.053389
0.004401
0.180572
0.011527
0.005129
0.006656
0.069995
0.014334
1.122601
0.004254
0.070599
0.064316
0.004689
1.233862
0.075638
0.007874
0.024733
0.013698
0.100326
0.012567
0.004535
0.086482
0.176188
0.006415
0.004206
0.006535
0.021647
0.009725
0.005853
0.028816
0.055049
0.006040
0.004249
0.004497
0.007527
0.009310
0.005452
0.004303
0.003476
0.005401
0.008093
0.005526
0.005646
0.006723
0.068003
0.007867
0.310656
0.008665
0.306267
0.161542
0.020516
0.012077
0.029203
0.010928
0.023131
0.076292
0.007858
0.012732
0.011794
0.018046
0.025436
0.070889
0.320977
0.258485
0.255847
0.943395
0.062541
0.106698
1.316448
1.302679
1.217928
1.681104
0.539104
0.009309
1.323698
0.112373
0.005023
0.004456
0.005437
0.011808
0.003559
0.003663
0.015486
0.004754
0.064486
0.004752
0.015834
0.042883
0.006258
1.524801
0.998741
0.579984
0.130742
1.344017
0.083127
0.103067
0.160479
1.114249
0.178808
1.333309
1.431232
0.157332
0.121718
0.055210
0.034230
0.002737
0.059093
0.064060
0.598235
1.231328
0.005548
0.960518
0.038109
0.032504
0.016240
0.004317
0.006268
0.108474
0.082170
0.009100
0.234836
0.036176
0.188287
1.058603
0.006117
0.005843
0.013953
0.003750
0.002432
0.466098
0.011442
0.006370
0.147822
0.087609
0.476873
0.087528
0.193504
0.001842
0.035356
0.320382
0.559591
0.140808
0.003553
0.011052
0.007672
0.005503
0.920623
0.027120
1.598228
0.010924
1.133323
0.149697
1.137694
0.265248
1.348762
1.350323
1.330835
0.181204
1.284866
0.258565
1.205450
1.738176
0.005813
0.057318
1.252828
0.052634
0.017762
0.006617
0.049034
0.166987
0.024268
0.006317
0.019301
0.070466
0.016000
0.016102
0.005983
0.003731
0.116721
0.006155
0.055731
0.925119
0.025121
0.004213
0.054460
0.052502
1.213261
0.056739
0.076082
0.010633
0.068633
0.058313
0.596197
0.276781
0.357417
0.554852
0.008579
1.602460
0.096756
0.091189
0.223606
1.349765
0.355923
0.089845
1.404996
1.561870
1.565424
1.126753
0.034404
1.331269
0.067358
0.005199
0.100257
0.901043
0.049850
1.606818
0.006435
0.094244
0.071156
0.019320
0.152775
1.158720
1.514476
0.009807
0.546069
0.180451
0.593590
0.472474
1.334175
0.006590
0.637983
0.053719
0.078175
0.071237
0.698150
1.673622
0.124561
1.073467
1.544877
1.646780
1.028228
0.186407
0.062974
0.693544
0.006599
0.223725
0.011601
0.022559
0.085458
1.067974
0.003687
0.751846
1.775761
0.009174
0.045449
0.688975
0.059295
0.046612
0.016960
0.074488
1.621565
0.299902
0.400386
0.005347
0.062547
0.068962
0.790283
0.125714
0.082822
0.343856
2.197094
0.023394
0.119911
0.165024
0.098162
0.005022
0.747631
0.005660
0.012082
0.068760
0.128537
0.039857
1.100220
0.019340
0.388998
0.187235
0.053130
0.001971
1.660438
1.500576
0.789526
1.043468
0.091787
0.050728
0.586093
0.047843
0.008013
0.042384
0.006347
0.053688
0.015812
0.051063
0.011959
0.025367
0.410888
0.004543
0.085642
0.023091
0.096041
0.111193
0.008097
0.204292
0.003683
0.109967
0.013875
0.039776
0.240111
0.003342
0.004254
0.004290
0.003676
0.004596
0.005961
0.003604
0.004734
0.112025
0.088582
0.084127
0.151934
0.852002
0.310628
0.906314
0.549782
0.021550
0.317184
1.191937
0.010060
0.881342
1.038689
0.931217
0.915465
0.064975
1.324035
0.104036
0.517927
8.585055
1.227190
0.108446
0.059502
1.328778
1.219141
0.068340
0.097549
0.053658
0.009834
0.310897
0.085180
0.126591
0.003443
0.004602
0.029362
0.004330
0.005341
0.082734
0.029006
0.012627
0.003721
0.008234
0.003334
0.004900
0.004190
0.003374
0.264991
0.005721
0.447298
0.055379
0.005295
0.004299
0.004991
0.004112
0.812973
0.029785
0.129762
0.184917
0.153141
0.236307
1.476504
0.119980
1.414657
0.330857
0.994048
0.437181
0.074510
0.391726
0.022846
0.929672
0.104851
0.127293
0.003690
0.004574
0.026382
0.580964
0.089759
0.095963
0.020613
0.041067
0.019759
0.084470
0.016494
0.005750
0.006286
0.062760
0.093390
1.967382
0.395952
1.022576
0.055442
1.144212
0.193034
0.021066
0.087567
0.934500
0.118486
0.118205
0.088591
2.333005
0.014379
0.094338
0.011199
0.275512
0.013310
0.056531
0.007456
0.004732
0.017802
0.006903
0.013225
0.061818
0.006750
0.017651
0.005696
0.017020
0.061438
0.004639
0.047339
0.010465
0.091274
0.052789
0.010481
0.070149
0.011579
0.004760
0.005150
0.005573
0.005045
0.021551
1.393014
0.029900
0.004027
0.007341
1.556357
0.013807
0.082462
0.021112
0.072905
0.034319
0.100180
0.036813
0.033841
0.014012
0.971055
0.111555
1.021423
0.053944
0.006280
0.447787
0.016287
0.066656
0.078139
0.003863
0.019243
0.070015
0.005600
0.045591
0.003098
0.328950
0.003827
0.009572
0.054290
0.245967
0.032517
0.014373
0.033661
0.002949
0.069794
0.031187
0.091383
0.009527
0.004908
0.108126
0.005471
0.119124
0.061771
1.075197
0.132366
0.090958
1.005817
1.038350
0.150666
0.101648
1.507881
1.053176
0.944992
0.343355
1.292980
1.564475
0.174262
1.529943
1.278973
1.419954
0.005475
0.079356
0.004322
0.006189
0.008506
0.008211
0.005181
0.003592
0.005325
0.004075
0.014867
0.051336
0.137858
0.010379
0.151264
0.019451
0.165723
0.067977
1.546960
0.053712
0.254589
0.114945
0.228903
0.011730
0.026507
0.262532
1.290169
0.062889
0.083914
0.013020
1.282643
1.349440
0.116930
0.050406
0.071364
1.132119
9.180765
0.004121
0.113261
0.013096
0.054569
0.010596
0.013202
0.010785
0.065451
0.003525
0.529879
0.190589
0.175765
0.005540
0.074171
0.329363
0.003930
0.004818
0.148938
0.180565
1.109155
0.026091
0.005700
0.014685
0.476841
0.116628
0.007392
0.006774
0.017569
0.025631
0.006495
0.065586
0.006793
0.754102
0.010538
0.017994
0.010089
0.005701
0.091630
0.007107
0.012046
0.006286
0.016889
0.194821
0.006075
0.049943
0.166740
2.259155
0.147623
0.094930
0.147440
1.267246
0.076351
0.083579
0.160718
1.063257
0.011249
0.377144
0.166660
0.780051
1.237092
0.169358
0.189444
0.077179
0.240761
0.044142
0.054395
1.146029
0.002858
1.478771
0.007942
0.004725
0.047699
0.301456
0.054374
0.028541
0.015590
0.098448
0.005424
0.307522
0.169568
0.015059
0.103966
0.213999
0.150666
0.148334
1.485863
0.137948
0.117873
1.552840
0.065835
0.565139
0.065214
1.025814
0.162375
0.044274
0.007109
0.119099
0.016747
0.091830
0.006093
0.012623
0.006092
0.003692
1.434505
0.036351
0.926924
0.044038
1.234906
1.462525
1.236307
1.531598
1.502681
1.185517
0.049643
0.138807
2.596373
0.043300
0.076116
0.048011
2.579490
0.400132
1.082223
0.148231
0.140018
0.465995
0.061559
1.289336
0.121878
0.029184
1.362135
1.370026
1.098116
2.221548
0.037146
0.359842
0.124038
0.010515
0.075803
1.332860
0.184590
0.066578
1.444259
0.094355
0.043034
0.067292
0.034921
0.007320
0.214040
0.694257
0.004356
0.013843
0.010123
0.186377
0.011531
0.003673
0.005801
0.012323
0.010343
0.003742
0.003742
0.003355
0.004938
0.002972
0.004762
0.007283
0.004484
0.108415
1.413278
0.204040
0.013823
1.652162
0.422739
0.042703
0.520894
0.124077
0.004585
0.030693
0.020068
0.030025
1.102433
0.004697
0.027903
0.006561
0.006058
1.479305
1.509481
1.014554
0.852437
0.074290
0.005140
0.052763
0.352674
0.023604
0.004348
0.003931
0.006865
0.202427
0.038621
0.003404
0.006395
0.007329
0.005488
0.012151
0.003773
0.005183
0.204643
0.103820
1.493852
1.180369
0.078517
0.904624
0.100569
0.033489
0.007789
0.139106
0.066579
0.427163
0.157187
0.399669
0.134814
0.033266
0.005107
0.003919
0.014867
0.026687
0.009181
0.114168
0.005397
0.120801
0.005012
0.005457
0.003491
0.127754
0.003441
0.003593
0.003296
0.030767
0.008269
0.070852
0.003777
0.046540
0.096692
0.007257
0.057339
0.006948
0.008158
0.291688
1.331531
0.309492
0.165864
0.096844
0.818539
0.055522
0.004912
1.345316
0.058482
0.003366
0.187346
0.514698
0.834713
0.002475
0.012251
0.006891
0.005378
0.026456
0.012511
0.083118
0.096533
0.003956
0.005566
0.004767
0.004109
0.011966
0.030928
0.023755
0.042902
0.140826
0.005015
0.140477
1.098399
0.106057
1.320908
0.180150
1.178804
0.205470
1.942573
3.399219
0.004274
0.002868
0.415550
0.111058
0.005385
0.555165
0.011603
0.077509
0.014725
0.004245
0.231065
0.005184
0.018029
0.063667
0.005195
0.006739
0.005752
0.003548
0.005974
0.090535
0.965631
2.079622
1.621071
0.197085
